-0.04 -0.04
-0.02 -0.04
0 -0.04
0.02 -0.04
0.04 -0.04
0.06 -0.04
0.08 -0.04
0.1 -0.04
0.12 -0.04
0.14 -0.04
0.16 -0.04
0.18 -0.04
0.2 -0.04
0.22 -0.04
0.24 -0.04
0.26 -0.04
0.28 -0.04
0.3 -0.04
0.32 -0.04
0.34 -0.04
0.36 -0.04
0.38 -0.04
0.4 -0.04
0.42 -0.04
0.44 -0.04
0.46 -0.04
0.48 -0.04
0.5 -0.04
0.52 -0.04
0.54 -0.04
0.56 -0.04
0.58 -0.04
0.6 -0.04
0.62 -0.04
0.64 -0.04
0.66 -0.04
0.68 -0.04
0.7 -0.04
0.72 -0.04
0.74 -0.04
0.76 -0.04
0.78 -0.04
0.8 -0.04
0.82 -0.04
0.84 -0.04
0.86 -0.04
0.88 -0.04
0.9 -0.04
0.92 -0.04
0.94 -0.04
0.96 -0.04
0.98 -0.04
1 -0.04
1.02 -0.0315354
1.04 -0.0234695
1.06 -0.0157947
1.08 -0.0085041
1.1 -0.00159104
1.12 0.00495049
1.14 0.0111261
1.16 0.016941
1.18 0.0224
1.2 0.0275075
1.22 0.0322676
1.24 0.0366841
1.26 0.0407603
1.28 0.0444994
1.3 0.0479042
1.32 0.0509773
1.34 0.0537209
1.36 0.0561371
1.38 0.0582277
1.4 0.0599941
1.42 0.0614376
1.44 0.0625592
1.46 0.0633598
1.48 0.06384
1.5 0.064
1.52 0.06384
1.54 0.0633598
1.56 0.0625592
1.58 0.0614376
1.6 0.0599941
1.62 0.0582277
1.64 0.0561371
1.66 0.0537209
1.68 0.0509773
1.7 0.0479042
1.72 0.0444994
1.74 0.0407603
1.76 0.0366841
1.78 0.0322676
1.8 0.0275075
1.82 0.0224
1.84 0.016941
1.86 0.0111261
1.88 0.00495049
1.9 -0.00159104
1.92 -0.0085041
1.94 -0.0157947
1.96 -0.0234695
1.98 -0.0315354
2 -0.04
2.02 -0.04
2.04 -0.04
2.06 -0.04
2.08 -0.04
2.1 -0.04
2.12 -0.04
2.14 -0.04
2.16 -0.04
2.18 -0.04
2.2 -0.04
2.22 -0.04
2.24 -0.04
2.26 -0.04
2.28 -0.04
2.3 -0.04
2.32 -0.04
2.34 -0.04
2.36 -0.04
2.38 -0.04
2.4 -0.04
2.42 -0.04
2.44 -0.04
2.46 -0.04
2.48 -0.04
2.5 -0.04
2.52 -0.04
2.54 -0.04
2.56 -0.04
2.58 -0.04
2.6 -0.04
2.62 -0.04
2.64 -0.04
2.66 -0.04
2.68 -0.04
2.7 -0.04
2.72 -0.04
2.74 -0.04
2.76 -0.04
2.78 -0.04
2.8 -0.04
2.82 -0.04
2.84 -0.04
2.86 -0.04
2.88 -0.04
2.9 -0.04
2.92 -0.04
2.94 -0.04
2.96 -0.04
2.98 -0.04
3 -0.04
3.02 -0.04
3.04 -0.04
-0.04 -0.02
-0.02 -0.02
0 -0.02
0.02 -0.02
0.04 -0.02
0.06 -0.02
0.08 -0.02
0.1 -0.02
0.12 -0.02
0.14 -0.02
0.16 -0.02
0.18 -0.02
0.2 -0.02
0.22 -0.02
0.24 -0.02
0.26 -0.02
0.28 -0.02
0.3 -0.02
0.32 -0.02
0.34 -0.02
0.36 -0.02
0.38 -0.02
0.4 -0.02
0.42 -0.02
0.44 -0.02
0.46 -0.02
0.48 -0.02
0.5 -0.02
0.52 -0.02
0.54 -0.02
0.56 -0.02
0.58 -0.02
0.6 -0.02
0.62 -0.02
0.64 -0.02
0.66 -0.02
0.68 -0.02
0.7 -0.02
0.72 -0.02
0.74 -0.02
0.76 -0.02
0.78 -0.02
0.8 -0.02
0.82 -0.02
0.84 -0.02
0.86 -0.02
0.88 -0.02
0.9 -0.02
0.92 -0.02
0.94 -0.02
0.96 -0.02
0.98 -0.02
1 -0.02
1.02 -0.0116982
1.04 -0.00378737
1.06 0.00373978
1.08 0.0108902
1.1 0.0176703
1.12 0.0240861
1.14 0.0301429
1.16 0.035846
1.18 0.0412
1.2 0.0462093
1.22 0.0508778
1.24 0.0552094
1.26 0.0592072
1.28 0.0628744
1.3 0.0662137
1.32 0.0692277
1.34 0.0719186
1.36 0.0742883
1.38 0.0763387
1.4 0.0780711
1.42 0.0794868
1.44 0.0805869
1.46 0.0813722
1.48 0.0818431
1.5 0.082
1.52 0.0818431
1.54 0.0813722
1.56 0.0805869
1.58 0.0794868
1.6 0.0780711
1.62 0.0763387
1.64 0.0742883
1.66 0.0719186
1.68 0.0692277
1.7 0.0662137
1.72 0.0628744
1.74 0.0592072
1.76 0.0552094
1.78 0.0508778
1.8 0.0462093
1.82 0.0412
1.84 0.035846
1.86 0.0301429
1.88 0.0240861
1.9 0.0176703
1.92 0.0108902
1.94 0.00373978
1.96 -0.00378737
1.98 -0.0116982
2 -0.02
2.02 -0.02
2.04 -0.02
2.06 -0.02
2.08 -0.02
2.1 -0.02
2.12 -0.02
2.14 -0.02
2.16 -0.02
2.18 -0.02
2.2 -0.02
2.22 -0.02
2.24 -0.02
2.26 -0.02
2.28 -0.02
2.3 -0.02
2.32 -0.02
2.34 -0.02
2.36 -0.02
2.38 -0.02
2.4 -0.02
2.42 -0.02
2.44 -0.02
2.46 -0.02
2.48 -0.02
2.5 -0.02
2.52 -0.02
2.54 -0.02
2.56 -0.02
2.58 -0.02
2.6 -0.02
2.62 -0.02
2.64 -0.02
2.66 -0.02
2.68 -0.02
2.7 -0.02
2.72 -0.02
2.74 -0.02
2.76 -0.02
2.78 -0.02
2.8 -0.02
2.82 -0.02
2.84 -0.02
2.86 -0.02
2.88 -0.02
2.9 -0.02
2.92 -0.02
2.94 -0.02
2.96 -0.02
2.98 -0.02
3 -0.02
3.02 -0.02
3.04 -0.02
-0.04 0
-0.02 0
0 0
0.02 0
0.04 0
0.06 0
0.08 0
0.1 0
0.12 0
0.14 0
0.16 0
0.18 0
0.2 0
0.22 0
0.24 0
0.26 0
0.28 0
0.3 0
0.32 0
0.34 0
0.36 0
0.38 0
0.4 0
0.42 0
0.44 0
0.46 0
0.48 0
0.5 0
0.52 0
0.54 0
0.56 0
0.58 0
0.6 0
0.62 0
0.64 0
0.66 0
0.68 0
0.7 0
0.72 0
0.74 0
0.76 0
0.78 0
0.8 0
0.82 0
0.84 0
0.86 0
0.88 0
0.9 0
0.92 0
0.94 0
0.96 0
0.98 0
1 2.22045e-16
1.02 0.00813906
1.04 0.0158947
1.06 0.0232743
1.08 0.0302845
1.1 0.0369317
1.12 0.0432216
1.14 0.0491597
1.16 0.054751
1.18 0.06
1.2 0.0649111
1.22 0.0694881
1.24 0.0737347
1.26 0.0776541
1.28 0.0812494
1.3 0.0845233
1.32 0.0874782
1.34 0.0901163
1.36 0.0924396
1.38 0.0944497
1.4 0.0961481
1.42 0.0975361
1.44 0.0986146
1.46 0.0993845
1.48 0.0998461
1.5 0.1
1.52 0.0998461
1.54 0.0993845
1.56 0.0986146
1.58 0.0975361
1.6 0.0961481
1.62 0.0944497
1.64 0.0924396
1.66 0.0901163
1.68 0.0874782
1.7 0.0845233
1.72 0.0812494
1.74 0.0776541
1.76 0.0737347
1.78 0.0694881
1.8 0.0649111
1.82 0.06
1.84 0.054751
1.86 0.0491597
1.88 0.0432216
1.9 0.0369317
1.92 0.0302845
1.94 0.0232743
1.96 0.0158947
1.98 0.00813906
2 0
2.02 0
2.04 0
2.06 0
2.08 0
2.1 0
2.12 0
2.14 0
2.16 0
2.18 0
2.2 0
2.22 0
2.24 0
2.26 0
2.28 0
2.3 0
2.32 0
2.34 0
2.36 0
2.38 0
2.4 0
2.42 0
2.44 0
2.46 0
2.48 0
2.5 0
2.52 0
2.54 0
2.56 0
2.58 0
2.6 0
2.62 0
2.64 0
2.66 0
2.68 0
2.7 0
2.72 0
2.74 0
2.76 0
2.78 0
2.8 0
2.82 0
2.84 0
2.86 0
2.88 0
2.9 0
2.92 0
2.94 0
2.96 0
2.98 0
3 0
3.02 0
3.04 0
-0.04 0.02
-0.02 0.02
0 0.02
0.02 0.02
0.04 0.02
0.06 0.02
0.08 0.02
0.1 0.02
0.12 0.02
0.14 0.02
0.16 0.02
0.18 0.02
0.2 0.02
0.22 0.02
0.24 0.02
0.26 0.02
0.28 0.02
0.3 0.02
0.32 0.02
0.34 0.02
0.36 0.02
0.38 0.02
0.4 0.02
0.42 0.02
0.44 0.02
0.46 0.02
0.48 0.02
0.5 0.02
0.52 0.02
0.54 0.02
0.56 0.02
0.58 0.02
0.6 0.02
0.62 0.02
0.64 0.02
0.66 0.02
0.68 0.02
0.7 0.02
0.72 0.02
0.74 0.02
0.76 0.02
0.78 0.02
0.8 0.02
0.82 0.02
0.84 0.02
0.86 0.02
0.88 0.02
0.9 0.02
0.92 0.02
0.94 0.02
0.96 0.02
0.98 0.02
1 0.02
1.02 0.0279763
1.04 0.0355768
1.06 0.0428088
1.08 0.0496788
1.1 0.0561931
1.12 0.0623572
1.14 0.0681765
1.16 0.073656
1.18 0.0788
1.2 0.0836128
1.22 0.0880983
1.24 0.09226
1.26 0.096101
1.28 0.0996244
1.3 0.102833
1.32 0.105729
1.34 0.108314
1.36 0.110591
1.38 0.112561
1.4 0.114225
1.42 0.115585
1.44 0.116642
1.46 0.117397
1.48 0.117849
1.5 0.118
1.52 0.117849
1.54 0.117397
1.56 0.116642
1.58 0.115585
1.6 0.114225
1.62 0.112561
1.64 0.110591
1.66 0.108314
1.68 0.105729
1.7 0.102833
1.72 0.0996244
1.74 0.096101
1.76 0.09226
1.78 0.0880983
1.8 0.0836128
1.82 0.0788
1.84 0.073656
1.86 0.0681765
1.88 0.0623572
1.9 0.0561931
1.92 0.0496788
1.94 0.0428088
1.96 0.0355768
1.98 0.0279763
2 0.02
2.02 0.02
2.04 0.02
2.06 0.02
2.08 0.02
2.1 0.02
2.12 0.02
2.14 0.02
2.16 0.02
2.18 0.02
2.2 0.02
2.22 0.02
2.24 0.02
2.26 0.02
2.28 0.02
2.3 0.02
2.32 0.02
2.34 0.02
2.36 0.02
2.38 0.02
2.4 0.02
2.42 0.02
2.44 0.02
2.46 0.02
2.48 0.02
2.5 0.02
2.52 0.02
2.54 0.02
2.56 0.02
2.58 0.02
2.6 0.02
2.62 0.02
2.64 0.02
2.66 0.02
2.68 0.02
2.7 0.02
2.72 0.02
2.74 0.02
2.76 0.02
2.78 0.02
2.8 0.02
2.82 0.02
2.84 0.02
2.86 0.02
2.88 0.02
2.9 0.02
2.92 0.02
2.94 0.02
2.96 0.02
2.98 0.02
3 0.02
3.02 0.02
3.04 0.02
-0.04 0.04
-0.02 0.04
0 0.04
0.02 0.04
0.04 0.04
0.06 0.04
0.08 0.04
0.1 0.04
0.12 0.04
0.14 0.04
0.16 0.04
0.18 0.04
0.2 0.04
0.22 0.04
0.24 0.04
0.26 0.04
0.28 0.04
0.3 0.04
0.32 0.04
0.34 0.04
0.36 0.04
0.38 0.04
0.4 0.04
0.42 0.04
0.44 0.04
0.46 0.04
0.48 0.04
0.5 0.04
0.52 0.04
0.54 0.04
0.56 0.04
0.58 0.04
0.6 0.04
0.62 0.04
0.64 0.04
0.66 0.04
0.68 0.04
0.7 0.04
0.72 0.04
0.74 0.04
0.76 0.04
0.78 0.04
0.8 0.04
0.82 0.04
0.84 0.04
0.86 0.04
0.88 0.04
0.9 0.04
0.92 0.04
0.94 0.04
0.96 0.04
0.98 0.04
1 0.04
1.02 0.0478135
1.04 0.0552589
1.06 0.0623433
1.08 0.0690731
1.1 0.0754544
1.12 0.0814928
1.14 0.0871933
1.16 0.0925609
1.18 0.0976
1.2 0.102315
1.22 0.106709
1.24 0.110785
1.26 0.114548
1.28 0.117999
1.3 0.121142
1.32 0.123979
1.34 0.126512
1.36 0.128742
1.38 0.130672
1.4 0.132302
1.42 0.133635
1.44 0.13467
1.46 0.135409
1.48 0.135852
1.5 0.136
1.52 0.135852
1.54 0.135409
1.56 0.13467
1.58 0.133635
1.6 0.132302
1.62 0.130672
1.64 0.128742
1.66 0.126512
1.68 0.123979
1.7 0.121142
1.72 0.117999
1.74 0.114548
1.76 0.110785
1.78 0.106709
1.8 0.102315
1.82 0.0976
1.84 0.0925609
1.86 0.0871933
1.88 0.0814928
1.9 0.0754544
1.92 0.0690731
1.94 0.0623433
1.96 0.0552589
1.98 0.0478135
2 0.04
2.02 0.04
2.04 0.04
2.06 0.04
2.08 0.04
2.1 0.04
2.12 0.04
2.14 0.04
2.16 0.04
2.18 0.04
2.2 0.04
2.22 0.04
2.24 0.04
2.26 0.04
2.28 0.04
2.3 0.04
2.32 0.04
2.34 0.04
2.36 0.04
2.38 0.04
2.4 0.04
2.42 0.04
2.44 0.04
2.46 0.04
2.48 0.04
2.5 0.04
2.52 0.04
2.54 0.04
2.56 0.04
2.58 0.04
2.6 0.04
2.62 0.04
2.64 0.04
2.66 0.04
2.68 0.04
2.7 0.04
2.72 0.04
2.74 0.04
2.76 0.04
2.78 0.04
2.8 0.04
2.82 0.04
2.84 0.04
2.86 0.04
2.88 0.04
2.9 0.04
2.92 0.04
2.94 0.04
2.96 0.04
2.98 0.04
3 0.04
3.02 0.04
3.04 0.04
-0.04 0.06
-0.02 0.06
0 0.06
0.02 0.06
0.04 0.06
0.06 0.06
0.08 0.06
0.1 0.06
0.12 0.06
0.14 0.06
0.16 0.06
0.18 0.06
0.2 0.06
0.22 0.06
0.24 0.06
0.26 0.06
0.28 0.06
0.3 0.06
0.32 0.06
0.34 0.06
0.36 0.06
0.38 0.06
0.4 0.06
0.42 0.06
0.44 0.06
0.46 0.06
0.48 0.06
0.5 0.06
0.52 0.06
0.54 0.06
0.56 0.06
0.58 0.06
0.6 0.06
0.62 0.06
0.64 0.06
0.66 0.06
0.68 0.06
0.7 0.06
0.72 0.06
0.74 0.06
0.76 0.06
0.78 0.06
0.8 0.06
0.82 0.06
0.84 0.06
0.86 0.06
0.88 0.06
0.9 0.06
0.92 0.06
0.94 0.06
0.96 0.06
0.98 0.06
1 0.06
1.02 0.0676507
1.04 0.074941
1.06 0.0818778
1.08 0.0884674
1.1 0.0947158
1.12 0.100628
1.14 0.10621
1.16 0.111466
1.18 0.1164
1.2 0.121016
1.22 0.125319
1.24 0.129311
1.26 0.132995
1.28 0.136374
1.3 0.139452
1.32 0.142229
1.34 0.144709
1.36 0.146893
1.38 0.148783
1.4 0.150379
1.42 0.151684
1.44 0.152698
1.46 0.153421
1.48 0.153855
1.5 0.154
1.52 0.153855
1.54 0.153421
1.56 0.152698
1.58 0.151684
1.6 0.150379
1.62 0.148783
1.64 0.146893
1.66 0.144709
1.68 0.142229
1.7 0.139452
1.72 0.136374
1.74 0.132995
1.76 0.129311
1.78 0.125319
1.8 0.121016
1.82 0.1164
1.84 0.111466
1.86 0.10621
1.88 0.100628
1.9 0.0947158
1.92 0.0884674
1.94 0.0818778
1.96 0.074941
1.98 0.0676507
2 0.06
2.02 0.06
2.04 0.06
2.06 0.06
2.08 0.06
2.1 0.06
2.12 0.06
2.14 0.06
2.16 0.06
2.18 0.06
2.2 0.06
2.22 0.06
2.24 0.06
2.26 0.06
2.28 0.06
2.3 0.06
2.32 0.06
2.34 0.06
2.36 0.06
2.38 0.06
2.4 0.06
2.42 0.06
2.44 0.06
2.46 0.06
2.48 0.06
2.5 0.06
2.52 0.06
2.54 0.06
2.56 0.06
2.58 0.06
2.6 0.06
2.62 0.06
2.64 0.06
2.66 0.06
2.68 0.06
2.7 0.06
2.72 0.06
2.74 0.06
2.76 0.06
2.78 0.06
2.8 0.06
2.82 0.06
2.84 0.06
2.86 0.06
2.88 0.06
2.9 0.06
2.92 0.06
2.94 0.06
2.96 0.06
2.98 0.06
3 0.06
3.02 0.06
3.04 0.06
-0.04 0.08
-0.02 0.08
0 0.08
0.02 0.08
0.04 0.08
0.06 0.08
0.08 0.08
0.1 0.08
0.12 0.08
0.14 0.08
0.16 0.08
0.18 0.08
0.2 0.08
0.22 0.08
0.24 0.08
0.26 0.08
0.28 0.08
0.3 0.08
0.32 0.08
0.34 0.08
0.36 0.08
0.38 0.08
0.4 0.08
0.42 0.08
0.44 0.08
0.46 0.08
0.48 0.08
0.5 0.08
0.52 0.08
0.54 0.08
0.56 0.08
0.58 0.08
0.6 0.08
0.62 0.08
0.64 0.08
0.66 0.08
0.68 0.08
0.7 0.08
0.72 0.08
0.74 0.08
0.76 0.08
0.78 0.08
0.8 0.08
0.82 0.08
0.84 0.08
0.86 0.08
0.88 0.08
0.9 0.08
0.92 0.08
0.94 0.08
0.96 0.08
0.98 0.08
1 0.08
1.02 0.0874879
1.04 0.0946232
1.06 0.101412
1.08 0.107862
1.1 0.113977
1.12 0.119764
1.14 0.125227
1.16 0.130371
1.18 0.1352
1.2 0.139718
1.22 0.143929
1.24 0.147836
1.26 0.151442
1.28 0.154749
1.3 0.157761
1.32 0.16048
1.34 0.162907
1.36 0.165044
1.38 0.166894
1.4 0.168456
1.42 0.169733
1.44 0.170725
1.46 0.171434
1.48 0.171858
1.5 0.172
1.52 0.171858
1.54 0.171434
1.56 0.170725
1.58 0.169733
1.6 0.168456
1.62 0.166894
1.64 0.165044
1.66 0.162907
1.68 0.16048
1.7 0.157761
1.72 0.154749
1.74 0.151442
1.76 0.147836
1.78 0.143929
1.8 0.139718
1.82 0.1352
1.84 0.130371
1.86 0.125227
1.88 0.119764
1.9 0.113977
1.92 0.107862
1.94 0.101412
1.96 0.0946232
1.98 0.0874879
2 0.08
2.02 0.08
2.04 0.08
2.06 0.08
2.08 0.08
2.1 0.08
2.12 0.08
2.14 0.08
2.16 0.08
2.18 0.08
2.2 0.08
2.22 0.08
2.24 0.08
2.26 0.08
2.28 0.08
2.3 0.08
2.32 0.08
2.34 0.08
2.36 0.08
2.38 0.08
2.4 0.08
2.42 0.08
2.44 0.08
2.46 0.08
2.48 0.08
2.5 0.08
2.52 0.08
2.54 0.08
2.56 0.08
2.58 0.08
2.6 0.08
2.62 0.08
2.64 0.08
2.66 0.08
2.68 0.08
2.7 0.08
2.72 0.08
2.74 0.08
2.76 0.08
2.78 0.08
2.8 0.08
2.82 0.08
2.84 0.08
2.86 0.08
2.88 0.08
2.9 0.08
2.92 0.08
2.94 0.08
2.96 0.08
2.98 0.08
3 0.08
3.02 0.08
3.04 0.08
-0.04 0.1
-0.02 0.1
0 0.1
0.02 0.1
0.04 0.1
0.06 0.1
0.08 0.1
0.1 0.1
0.12 0.1
0.14 0.1
0.16 0.1
0.18 0.1
0.2 0.1
0.22 0.1
0.24 0.1
0.26 0.1
0.28 0.1
0.3 0.1
0.32 0.1
0.34 0.1
0.36 0.1
0.38 0.1
0.4 0.1
0.42 0.1
0.44 0.1
0.46 0.1
0.48 0.1
0.5 0.1
0.52 0.1
0.54 0.1
0.56 0.1
0.58 0.1
0.6 0.1
0.62 0.1
0.64 0.1
0.66 0.1
0.68 0.1
0.7 0.1
0.72 0.1
0.74 0.1
0.76 0.1
0.78 0.1
0.8 0.1
0.82 0.1
0.84 0.1
0.86 0.1
0.88 0.1
0.9 0.1
0.92 0.1
0.94 0.1
0.96 0.1
0.98 0.1
1 0.1
1.02 0.107325
1.04 0.114305
1.06 0.120947
1.08 0.127256
1.1 0.133239
1.12 0.138899
1.14 0.144244
1.16 0.149276
1.18 0.154
1.2 0.15842
1.22 0.162539
1.24 0.166361
1.26 0.169889
1.28 0.173124
1.3 0.176071
1.32 0.17873
1.34 0.181105
1.36 0.183196
1.38 0.185005
1.4 0.186533
1.42 0.187783
1.44 0.188753
1.46 0.189446
1.48 0.189862
1.5 0.19
1.52 0.189862
1.54 0.189446
1.56 0.188753
1.58 0.187783
1.6 0.186533
1.62 0.185005
1.64 0.183196
1.66 0.181105
1.68 0.17873
1.7 0.176071
1.72 0.173124
1.74 0.169889
1.76 0.166361
1.78 0.162539
1.8 0.15842
1.82 0.154
1.84 0.149276
1.86 0.144244
1.88 0.138899
1.9 0.133239
1.92 0.127256
1.94 0.120947
1.96 0.114305
1.98 0.107325
2 0.1
2.02 0.1
2.04 0.1
2.06 0.1
2.08 0.1
2.1 0.1
2.12 0.1
2.14 0.1
2.16 0.1
2.18 0.1
2.2 0.1
2.22 0.1
2.24 0.1
2.26 0.1
2.28 0.1
2.3 0.1
2.32 0.1
2.34 0.1
2.36 0.1
2.38 0.1
2.4 0.1
2.42 0.1
2.44 0.1
2.46 0.1
2.48 0.1
2.5 0.1
2.52 0.1
2.54 0.1
2.56 0.1
2.58 0.1
2.6 0.1
2.62 0.1
2.64 0.1
2.66 0.1
2.68 0.1
2.7 0.1
2.72 0.1
2.74 0.1
2.76 0.1
2.78 0.1
2.8 0.1
2.82 0.1
2.84 0.1
2.86 0.1
2.88 0.1
2.9 0.1
2.92 0.1
2.94 0.1
2.96 0.1
2.98 0.1
3 0.1
3.02 0.1
3.04 0.1
-0.04 0.12
-0.02 0.12
0 0.12
0.02 0.12
0.04 0.12
0.06 0.12
0.08 0.12
0.1 0.12
0.12 0.12
0.14 0.12
0.16 0.12
0.18 0.12
0.2 0.12
0.22 0.12
0.24 0.12
0.26 0.12
0.28 0.12
0.3 0.12
0.32 0.12
0.34 0.12
0.36 0.12
0.38 0.12
0.4 0.12
0.42 0.12
0.44 0.12
0.46 0.12
0.48 0.12
0.5 0.12
0.52 0.12
0.54 0.12
0.56 0.12
0.58 0.12
0.6 0.12
0.62 0.12
0.64 0.12
0.66 0.12
0.68 0.12
0.7 0.12
0.72 0.12
0.74 0.12
0.76 0.12
0.78 0.12
0.8 0.12
0.82 0.12
0.84 0.12
0.86 0.12
0.88 0.12
0.9 0.12
0.92 0.12
0.94 0.12
0.96 0.12
0.98 0.12
1 0.12
1.02 0.127162
1.04 0.133987
1.06 0.140481
1.08 0.14665
1.1 0.1525
1.12 0.158035
1.14 0.163261
1.16 0.168181
1.18 0.1728
1.2 0.177122
1.22 0.18115
1.24 0.184887
1.26 0.188336
1.28 0.191499
1.3 0.19438
1.32 0.196981
1.34 0.199302
1.36 0.201347
1.38 0.203116
1.4 0.20461
1.42 0.205832
1.44 0.206781
1.46 0.207458
1.48 0.207865
1.5 0.208
1.52 0.207865
1.54 0.207458
1.56 0.206781
1.58 0.205832
1.6 0.20461
1.62 0.203116
1.64 0.201347
1.66 0.199302
1.68 0.196981
1.7 0.19438
1.72 0.191499
1.74 0.188336
1.76 0.184887
1.78 0.18115
1.8 0.177122
1.82 0.1728
1.84 0.168181
1.86 0.163261
1.88 0.158035
1.9 0.1525
1.92 0.14665
1.94 0.140481
1.96 0.133987
1.98 0.127162
2 0.12
2.02 0.12
2.04 0.12
2.06 0.12
2.08 0.12
2.1 0.12
2.12 0.12
2.14 0.12
2.16 0.12
2.18 0.12
2.2 0.12
2.22 0.12
2.24 0.12
2.26 0.12
2.28 0.12
2.3 0.12
2.32 0.12
2.34 0.12
2.36 0.12
2.38 0.12
2.4 0.12
2.42 0.12
2.44 0.12
2.46 0.12
2.48 0.12
2.5 0.12
2.52 0.12
2.54 0.12
2.56 0.12
2.58 0.12
2.6 0.12
2.62 0.12
2.64 0.12
2.66 0.12
2.68 0.12
2.7 0.12
2.72 0.12
2.74 0.12
2.76 0.12
2.78 0.12
2.8 0.12
2.82 0.12
2.84 0.12
2.86 0.12
2.88 0.12
2.9 0.12
2.92 0.12
2.94 0.12
2.96 0.12
2.98 0.12
3 0.12
3.02 0.12
3.04 0.12
-0.04 0.14
-0.02 0.14
0 0.14
0.02 0.14
0.04 0.14
0.06 0.14
0.08 0.14
0.1 0.14
0.12 0.14
0.14 0.14
0.16 0.14
0.18 0.14
0.2 0.14
0.22 0.14
0.24 0.14
0.26 0.14
0.28 0.14
0.3 0.14
0.32 0.14
0.34 0.14
0.36 0.14
0.38 0.14
0.4 0.14
0.42 0.14
0.44 0.14
0.46 0.14
0.48 0.14
0.5 0.14
0.52 0.14
0.54 0.14
0.56 0.14
0.58 0.14
0.6 0.14
0.62 0.14
0.64 0.14
0.66 0.14
0.68 0.14
0.7 0.14
0.72 0.14
0.74 0.14
0.76 0.14
0.78 0.14
0.8 0.14
0.82 0.14
0.84 0.14
0.86 0.14
0.88 0.14
0.9 0.14
0.92 0.14
0.94 0.14
0.96 0.14
0.98 0.14
1 0.14
1.02 0.147
1.04 0.153669
1.06 0.160016
1.08 0.166045
1.1 0.171761
1.12 0.177171
1.14 0.182277
1.16 0.187086
1.18 0.1916
1.2 0.195824
1.22 0.19976
1.24 0.203412
1.26 0.206783
1.28 0.209874
1.3 0.21269
1.32 0.215231
1.34 0.2175
1.36 0.219498
1.38 0.221227
1.4 0.222687
1.42 0.223881
1.44 0.224809
1.46 0.225471
1.48 0.225868
1.5 0.226
1.52 0.225868
1.54 0.225471
1.56 0.224809
1.58 0.223881
1.6 0.222687
1.62 0.221227
1.64 0.219498
1.66 0.2175
1.68 0.215231
1.7 0.21269
1.72 0.209874
1.74 0.206783
1.76 0.203412
1.78 0.19976
1.8 0.195824
1.82 0.1916
1.84 0.187086
1.86 0.182277
1.88 0.177171
1.9 0.171761
1.92 0.166045
1.94 0.160016
1.96 0.153669
1.98 0.147
2 0.14
2.02 0.14
2.04 0.14
2.06 0.14
2.08 0.14
2.1 0.14
2.12 0.14
2.14 0.14
2.16 0.14
2.18 0.14
2.2 0.14
2.22 0.14
2.24 0.14
2.26 0.14
2.28 0.14
2.3 0.14
2.32 0.14
2.34 0.14
2.36 0.14
2.38 0.14
2.4 0.14
2.42 0.14
2.44 0.14
2.46 0.14
2.48 0.14
2.5 0.14
2.52 0.14
2.54 0.14
2.56 0.14
2.58 0.14
2.6 0.14
2.62 0.14
2.64 0.14
2.66 0.14
2.68 0.14
2.7 0.14
2.72 0.14
2.74 0.14
2.76 0.14
2.78 0.14
2.8 0.14
2.82 0.14
2.84 0.14
2.86 0.14
2.88 0.14
2.9 0.14
2.92 0.14
2.94 0.14
2.96 0.14
2.98 0.14
3 0.14
3.02 0.14
3.04 0.14
-0.04 0.16
-0.02 0.16
0 0.16
0.02 0.16
0.04 0.16
0.06 0.16
0.08 0.16
0.1 0.16
0.12 0.16
0.14 0.16
0.16 0.16
0.18 0.16
0.2 0.16
0.22 0.16
0.24 0.16
0.26 0.16
0.28 0.16
0.3 0.16
0.32 0.16
0.34 0.16
0.36 0.16
0.38 0.16
0.4 0.16
0.42 0.16
0.44 0.16
0.46 0.16
0.48 0.16
0.5 0.16
0.52 0.16
0.54 0.16
0.56 0.16
0.58 0.16
0.6 0.16
0.62 0.16
0.64 0.16
0.66 0.16
0.68 0.16
0.7 0.16
0.72 0.16
0.74 0.16
0.76 0.16
0.78 0.16
0.8 0.16
0.82 0.16
0.84 0.16
0.86 0.16
0.88 0.16
0.9 0.16
0.92 0.16
0.94 0.16
0.96 0.16
0.98 0.16
1 0.16
1.02 0.166837
1.04 0.173352
1.06 0.17955
1.08 0.185439
1.1 0.191023
1.12 0.196306
1.14 0.201294
1.16 0.205991
1.18 0.2104
1.2 0.214525
1.22 0.21837
1.24 0.221937
1.26 0.225229
1.28 0.228249
1.3 0.231
1.32 0.233482
1.34 0.235698
1.36 0.237649
1.38 0.239338
1.4 0.240764
1.42 0.24193
1.44 0.242836
1.46 0.243483
1.48 0.243871
1.5 0.244
1.52 0.243871
1.54 0.243483
1.56 0.242836
1.58 0.24193
1.6 0.240764
1.62 0.239338
1.64 0.237649
1.66 0.235698
1.68 0.233482
1.7 0.231
1.72 0.228249
1.74 0.225229
1.76 0.221937
1.78 0.21837
1.8 0.214525
1.82 0.2104
1.84 0.205991
1.86 0.201294
1.88 0.196306
1.9 0.191023
1.92 0.185439
1.94 0.17955
1.96 0.173352
1.98 0.166837
2 0.16
2.02 0.16
2.04 0.16
2.06 0.16
2.08 0.16
2.1 0.16
2.12 0.16
2.14 0.16
2.16 0.16
2.18 0.16
2.2 0.16
2.22 0.16
2.24 0.16
2.26 0.16
2.28 0.16
2.3 0.16
2.32 0.16
2.34 0.16
2.36 0.16
2.38 0.16
2.4 0.16
2.42 0.16
2.44 0.16
2.46 0.16
2.48 0.16
2.5 0.16
2.52 0.16
2.54 0.16
2.56 0.16
2.58 0.16
2.6 0.16
2.62 0.16
2.64 0.16
2.66 0.16
2.68 0.16
2.7 0.16
2.72 0.16
2.74 0.16
2.76 0.16
2.78 0.16
2.8 0.16
2.82 0.16
2.84 0.16
2.86 0.16
2.88 0.16
2.9 0.16
2.92 0.16
2.94 0.16
2.96 0.16
2.98 0.16
3 0.16
3.02 0.16
3.04 0.16
-0.04 0.18
-0.02 0.18
0 0.18
0.02 0.18
0.04 0.18
0.06 0.18
0.08 0.18
0.1 0.18
0.12 0.18
0.14 0.18
0.16 0.18
0.18 0.18
0.2 0.18
0.22 0.18
0.24 0.18
0.26 0.18
0.28 0.18
0.3 0.18
0.32 0.18
0.34 0.18
0.36 0.18
0.38 0.18
0.4 0.18
0.42 0.18
0.44 0.18
0.46 0.18
0.48 0.18
0.5 0.18
0.52 0.18
0.54 0.18
0.56 0.18
0.58 0.18
0.6 0.18
0.62 0.18
0.64 0.18
0.66 0.18
0.68 0.18
0.7 0.18
0.72 0.18
0.74 0.18
0.76 0.18
0.78 0.18
0.8 0.18
0.82 0.18
0.84 0.18
0.86 0.18
0.88 0.18
0.9 0.18
0.92 0.18
0.94 0.18
0.96 0.18
0.98 0.18
1 0.18
1.02 0.186674
1.04 0.193034
1.06 0.199085
1.08 0.204833
1.1 0.210284
1.12 0.215442
1.14 0.220311
1.16 0.224896
1.18 0.2292
1.2 0.233227
1.22 0.23698
1.24 0.240462
1.26 0.243676
1.28 0.246624
1.3 0.249309
1.32 0.251732
1.34 0.253895
1.36 0.2558
1.38 0.257449
1.4 0.258841
1.42 0.25998
1.44 0.260864
1.46 0.261495
1.48 0.261874
1.5 0.262
1.52 0.261874
1.54 0.261495
1.56 0.260864
1.58 0.25998
1.6 0.258841
1.62 0.257449
1.64 0.2558
1.66 0.253895
1.68 0.251732
1.7 0.249309
1.72 0.246624
1.74 0.243676
1.76 0.240462
1.78 0.23698
1.8 0.233227
1.82 0.2292
1.84 0.224896
1.86 0.220311
1.88 0.215442
1.9 0.210284
1.92 0.204833
1.94 0.199085
1.96 0.193034
1.98 0.186674
2 0.18
2.02 0.18
2.04 0.18
2.06 0.18
2.08 0.18
2.1 0.18
2.12 0.18
2.14 0.18
2.16 0.18
2.18 0.18
2.2 0.18
2.22 0.18
2.24 0.18
2.26 0.18
2.28 0.18
2.3 0.18
2.32 0.18
2.34 0.18
2.36 0.18
2.38 0.18
2.4 0.18
2.42 0.18
2.44 0.18
2.46 0.18
2.48 0.18
2.5 0.18
2.52 0.18
2.54 0.18
2.56 0.18
2.58 0.18
2.6 0.18
2.62 0.18
2.64 0.18
2.66 0.18
2.68 0.18
2.7 0.18
2.72 0.18
2.74 0.18
2.76 0.18
2.78 0.18
2.8 0.18
2.82 0.18
2.84 0.18
2.86 0.18
2.88 0.18
2.9 0.18
2.92 0.18
2.94 0.18
2.96 0.18
2.98 0.18
3 0.18
3.02 0.18
3.04 0.18
-0.04 0.2
-0.02 0.2
0 0.2
0.02 0.2
0.04 0.2
0.06 0.2
0.08 0.2
0.1 0.2
0.12 0.2
0.14 0.2
0.16 0.2
0.18 0.2
0.2 0.2
0.22 0.2
0.24 0.2
0.26 0.2
0.28 0.2
0.3 0.2
0.32 0.2
0.34 0.2
0.36 0.2
0.38 0.2
0.4 0.2
0.42 0.2
0.44 0.2
0.46 0.2
0.48 0.2
0.5 0.2
0.52 0.2
0.54 0.2
0.56 0.2
0.58 0.2
0.6 0.2
0.62 0.2
0.64 0.2
0.66 0.2
0.68 0.2
0.7 0.2
0.72 0.2
0.74 0.2
0.76 0.2
0.78 0.2
0.8 0.2
0.82 0.2
0.84 0.2
0.86 0.2
0.88 0.2
0.9 0.2
0.92 0.2
0.94 0.2
0.96 0.2
0.98 0.2
1 0.2
1.02 0.206511
1.04 0.212716
1.06 0.218619
1.08 0.224228
1.1 0.229545
1.12 0.234577
1.14 0.239328
1.16 0.243801
1.18 0.248
1.2 0.251929
1.22 0.25559
1.24 0.258988
1.26 0.262123
1.28 0.265
1.3 0.267619
1.32 0.269983
1.34 0.272093
1.36 0.273952
1.38 0.27556
1.4 0.276919
1.42 0.278029
1.44 0.278892
1.46 0.279508
1.48 0.279877
1.5 0.28
1.52 0.279877
1.54 0.279508
1.56 0.278892
1.58 0.278029
1.6 0.276919
1.62 0.27556
1.64 0.273952
1.66 0.272093
1.68 0.269983
1.7 0.267619
1.72 0.265
1.74 0.262123
1.76 0.258988
1.78 0.25559
1.8 0.251929
1.82 0.248
1.84 0.243801
1.86 0.239328
1.88 0.234577
1.9 0.229545
1.92 0.224228
1.94 0.218619
1.96 0.212716
1.98 0.206511
2 0.2
2.02 0.2
2.04 0.2
2.06 0.2
2.08 0.2
2.1 0.2
2.12 0.2
2.14 0.2
2.16 0.2
2.18 0.2
2.2 0.2
2.22 0.2
2.24 0.2
2.26 0.2
2.28 0.2
2.3 0.2
2.32 0.2
2.34 0.2
2.36 0.2
2.38 0.2
2.4 0.2
2.42 0.2
2.44 0.2
2.46 0.2
2.48 0.2
2.5 0.2
2.52 0.2
2.54 0.2
2.56 0.2
2.58 0.2
2.6 0.2
2.62 0.2
2.64 0.2
2.66 0.2
2.68 0.2
2.7 0.2
2.72 0.2
2.74 0.2
2.76 0.2
2.78 0.2
2.8 0.2
2.82 0.2
2.84 0.2
2.86 0.2
2.88 0.2
2.9 0.2
2.92 0.2
2.94 0.2
2.96 0.2
2.98 0.2
3 0.2
3.02 0.2
3.04 0.2
-0.04 0.22
-0.02 0.22
0 0.22
0.02 0.22
0.04 0.22
0.06 0.22
0.08 0.22
0.1 0.22
0.12 0.22
0.14 0.22
0.16 0.22
0.18 0.22
0.2 0.22
0.22 0.22
0.24 0.22
0.26 0.22
0.28 0.22
0.3 0.22
0.32 0.22
0.34 0.22
0.36 0.22
0.38 0.22
0.4 0.22
0.42 0.22
0.44 0.22
0.46 0.22
0.48 0.22
0.5 0.22
0.52 0.22
0.54 0.22
0.56 0.22
0.58 0.22
0.6 0.22
0.62 0.22
0.64 0.22
0.66 0.22
0.68 0.22
0.7 0.22
0.72 0.22
0.74 0.22
0.76 0.22
0.78 0.22
0.8 0.22
0.82 0.22
0.84 0.22
0.86 0.22
0.88 0.22
0.9 0.22
0.92 0.22
0.94 0.22
0.96 0.22
0.98 0.22
1 0.22
1.02 0.226348
1.04 0.232398
1.06 0.238154
1.08 0.243622
1.1 0.248807
1.12 0.253713
1.14 0.258345
1.16 0.262706
1.18 0.2668
1.2 0.270631
1.22 0.274201
1.24 0.277513
1.26 0.28057
1.28 0.283375
1.3 0.285928
1.32 0.288233
1.34 0.290291
1.36 0.292103
1.38 0.293671
1.4 0.294996
1.42 0.296078
1.44 0.296919
1.46 0.29752
1.48 0.29788
1.5 0.298
1.52 0.29788
1.54 0.29752
1.56 0.296919
1.58 0.296078
1.6 0.294996
1.62 0.293671
1.64 0.292103
1.66 0.290291
1.68 0.288233
1.7 0.285928
1.72 0.283375
1.74 0.28057
1.76 0.277513
1.78 0.274201
1.8 0.270631
1.82 0.2668
1.84 0.262706
1.86 0.258345
1.88 0.253713
1.9 0.248807
1.92 0.243622
1.94 0.238154
1.96 0.232398
1.98 0.226348
2 0.22
2.02 0.22
2.04 0.22
2.06 0.22
2.08 0.22
2.1 0.22
2.12 0.22
2.14 0.22
2.16 0.22
2.18 0.22
2.2 0.22
2.22 0.22
2.24 0.22
2.26 0.22
2.28 0.22
2.3 0.22
2.32 0.22
2.34 0.22
2.36 0.22
2.38 0.22
2.4 0.22
2.42 0.22
2.44 0.22
2.46 0.22
2.48 0.22
2.5 0.22
2.52 0.22
2.54 0.22
2.56 0.22
2.58 0.22
2.6 0.22
2.62 0.22
2.64 0.22
2.66 0.22
2.68 0.22
2.7 0.22
2.72 0.22
2.74 0.22
2.76 0.22
2.78 0.22
2.8 0.22
2.82 0.22
2.84 0.22
2.86 0.22
2.88 0.22
2.9 0.22
2.92 0.22
2.94 0.22
2.96 0.22
2.98 0.22
3 0.22
3.02 0.22
3.04 0.22
-0.04 0.24
-0.02 0.24
0 0.24
0.02 0.24
0.04 0.24
0.06 0.24
0.08 0.24
0.1 0.24
0.12 0.24
0.14 0.24
0.16 0.24
0.18 0.24
0.2 0.24
0.22 0.24
0.24 0.24
0.26 0.24
0.28 0.24
0.3 0.24
0.32 0.24
0.34 0.24
0.36 0.24
0.38 0.24
0.4 0.24
0.42 0.24
0.44 0.24
0.46 0.24
0.48 0.24
0.5 0.24
0.52 0.24
0.54 0.24
0.56 0.24
0.58 0.24
0.6 0.24
0.62 0.24
0.64 0.24
0.66 0.24
0.68 0.24
0.7 0.24
0.72 0.24
0.74 0.24
0.76 0.24
0.78 0.24
0.8 0.24
0.82 0.24
0.84 0.24
0.86 0.24
0.88 0.24
0.9 0.24
0.92 0.24
0.94 0.24
0.96 0.24
0.98 0.24
1 0.24
1.02 0.246186
1.04 0.25208
1.06 0.257688
1.08 0.263016
1.1 0.268068
1.12 0.272848
1.14 0.277361
1.16 0.281611
1.18 0.2856
1.2 0.289332
1.22 0.292811
1.24 0.296038
1.26 0.299017
1.28 0.30175
1.3 0.304238
1.32 0.306483
1.34 0.308488
1.36 0.310254
1.38 0.311782
1.4 0.313073
1.42 0.314127
1.44 0.314947
1.46 0.315532
1.48 0.315883
1.5 0.316
1.52 0.315883
1.54 0.315532
1.56 0.314947
1.58 0.314127
1.6 0.313073
1.62 0.311782
1.64 0.310254
1.66 0.308488
1.68 0.306483
1.7 0.304238
1.72 0.30175
1.74 0.299017
1.76 0.296038
1.78 0.292811
1.8 0.289332
1.82 0.2856
1.84 0.281611
1.86 0.277361
1.88 0.272848
1.9 0.268068
1.92 0.263016
1.94 0.257688
1.96 0.25208
1.98 0.246186
2 0.24
2.02 0.24
2.04 0.24
2.06 0.24
2.08 0.24
2.1 0.24
2.12 0.24
2.14 0.24
2.16 0.24
2.18 0.24
2.2 0.24
2.22 0.24
2.24 0.24
2.26 0.24
2.28 0.24
2.3 0.24
2.32 0.24
2.34 0.24
2.36 0.24
2.38 0.24
2.4 0.24
2.42 0.24
2.44 0.24
2.46 0.24
2.48 0.24
2.5 0.24
2.52 0.24
2.54 0.24
2.56 0.24
2.58 0.24
2.6 0.24
2.62 0.24
2.64 0.24
2.66 0.24
2.68 0.24
2.7 0.24
2.72 0.24
2.74 0.24
2.76 0.24
2.78 0.24
2.8 0.24
2.82 0.24
2.84 0.24
2.86 0.24
2.88 0.24
2.9 0.24
2.92 0.24
2.94 0.24
2.96 0.24
2.98 0.24
3 0.24
3.02 0.24
3.04 0.24
-0.04 0.26
-0.02 0.26
0 0.26
0.02 0.26
0.04 0.26
0.06 0.26
0.08 0.26
0.1 0.26
0.12 0.26
0.14 0.26
0.16 0.26
0.18 0.26
0.2 0.26
0.22 0.26
0.24 0.26
0.26 0.26
0.28 0.26
0.3 0.26
0.32 0.26
0.34 0.26
0.36 0.26
0.38 0.26
0.4 0.26
0.42 0.26
0.44 0.26
0.46 0.26
0.48 0.26
0.5 0.26
0.52 0.26
0.54 0.26
0.56 0.26
0.58 0.26
0.6 0.26
0.62 0.26
0.64 0.26
0.66 0.26
0.68 0.26
0.7 0.26
0.72 0.26
0.74 0.26
0.76 0.26
0.78 0.26
0.8 0.26
0.82 0.26
0.84 0.26
0.86 0.26
0.88 0.26
0.9 0.26
0.92 0.26
0.94 0.26
0.96 0.26
0.98 0.26
1 0.26
1.02 0.266023
1.04 0.271762
1.06 0.277223
1.08 0.282411
1.1 0.287329
1.12 0.291984
1.14 0.296378
1.16 0.300516
1.18 0.3044
1.2 0.308034
1.22 0.311421
1.24 0.314564
1.26 0.317464
1.28 0.320125
1.3 0.322547
1.32 0.324734
1.34 0.326686
1.36 0.328405
1.38 0.329893
1.4 0.33115
1.42 0.332177
1.44 0.332975
1.46 0.333545
1.48 0.333886
1.5 0.334
1.52 0.333886
1.54 0.333545
1.56 0.332975
1.58 0.332177
1.6 0.33115
1.62 0.329893
1.64 0.328405
1.66 0.326686
1.68 0.324734
1.7 0.322547
1.72 0.320125
1.74 0.317464
1.76 0.314564
1.78 0.311421
1.8 0.308034
1.82 0.3044
1.84 0.300516
1.86 0.296378
1.88 0.291984
1.9 0.287329
1.92 0.282411
1.94 0.277223
1.96 0.271762
1.98 0.266023
2 0.26
2.02 0.26
2.04 0.26
2.06 0.26
2.08 0.26
2.1 0.26
2.12 0.26
2.14 0.26
2.16 0.26
2.18 0.26
2.2 0.26
2.22 0.26
2.24 0.26
2.26 0.26
2.28 0.26
2.3 0.26
2.32 0.26
2.34 0.26
2.36 0.26
2.38 0.26
2.4 0.26
2.42 0.26
2.44 0.26
2.46 0.26
2.48 0.26
2.5 0.26
2.52 0.26
2.54 0.26
2.56 0.26
2.58 0.26
2.6 0.26
2.62 0.26
2.64 0.26
2.66 0.26
2.68 0.26
2.7 0.26
2.72 0.26
2.74 0.26
2.76 0.26
2.78 0.26
2.8 0.26
2.82 0.26
2.84 0.26
2.86 0.26
2.88 0.26
2.9 0.26
2.92 0.26
2.94 0.26
2.96 0.26
2.98 0.26
3 0.26
3.02 0.26
3.04 0.26
-0.04 0.28
-0.02 0.28
0 0.28
0.02 0.28
0.04 0.28
0.06 0.28
0.08 0.28
0.1 0.28
0.12 0.28
0.14 0.28
0.16 0.28
0.18 0.28
0.2 0.28
0.22 0.28
0.24 0.28
0.26 0.28
0.28 0.28
0.3 0.28
0.32 0.28
0.34 0.28
0.36 0.28
0.38 0.28
0.4 0.28
0.42 0.28
0.44 0.28
0.46 0.28
0.48 0.28
0.5 0.28
0.52 0.28
0.54 0.28
0.56 0.28
0.58 0.28
0.6 0.28
0.62 0.28
0.64 0.28
0.66 0.28
0.68 0.28
0.7 0.28
0.72 0.28
0.74 0.28
0.76 0.28
0.78 0.28
0.8 0.28
0.82 0.28
0.84 0.28
0.86 0.28
0.88 0.28
0.9 0.28
0.92 0.28
0.94 0.28
0.96 0.28
0.98 0.28
1 0.28
1.02 0.28586
1.04 0.291444
1.06 0.296757
1.08 0.301805
1.1 0.306591
1.12 0.31112
1.14 0.315395
1.16 0.319421
1.18 0.3232
1.2 0.326736
1.22 0.330031
1.24 0.333089
1.26 0.335911
1.28 0.3385
1.3 0.340857
1.32 0.342984
1.34 0.344884
1.36 0.346556
1.38 0.348004
1.4 0.349227
1.42 0.350226
1.44 0.351003
1.46 0.351557
1.48 0.351889
1.5 0.352
1.52 0.351889
1.54 0.351557
1.56 0.351003
1.58 0.350226
1.6 0.349227
1.62 0.348004
1.64 0.346556
1.66 0.344884
1.68 0.342984
1.7 0.340857
1.72 0.3385
1.74 0.335911
1.76 0.333089
1.78 0.330031
1.8 0.326736
1.82 0.3232
1.84 0.319421
1.86 0.315395
1.88 0.31112
1.9 0.306591
1.92 0.301805
1.94 0.296757
1.96 0.291444
1.98 0.28586
2 0.28
2.02 0.28
2.04 0.28
2.06 0.28
2.08 0.28
2.1 0.28
2.12 0.28
2.14 0.28
2.16 0.28
2.18 0.28
2.2 0.28
2.22 0.28
2.24 0.28
2.26 0.28
2.28 0.28
2.3 0.28
2.32 0.28
2.34 0.28
2.36 0.28
2.38 0.28
2.4 0.28
2.42 0.28
2.44 0.28
2.46 0.28
2.48 0.28
2.5 0.28
2.52 0.28
2.54 0.28
2.56 0.28
2.58 0.28
2.6 0.28
2.62 0.28
2.64 0.28
2.66 0.28
2.68 0.28
2.7 0.28
2.72 0.28
2.74 0.28
2.76 0.28
2.78 0.28
2.8 0.28
2.82 0.28
2.84 0.28
2.86 0.28
2.88 0.28
2.9 0.28
2.92 0.28
2.94 0.28
2.96 0.28
2.98 0.28
3 0.28
3.02 0.28
3.04 0.28
-0.04 0.3
-0.02 0.3
0 0.3
0.02 0.3
0.04 0.3
0.06 0.3
0.08 0.3
0.1 0.3
0.12 0.3
0.14 0.3
0.16 0.3
0.18 0.3
0.2 0.3
0.22 0.3
0.24 0.3
0.26 0.3
0.28 0.3
0.3 0.3
0.32 0.3
0.34 0.3
0.36 0.3
0.38 0.3
0.4 0.3
0.42 0.3
0.44 0.3
0.46 0.3
0.48 0.3
0.5 0.3
0.52 0.3
0.54 0.3
0.56 0.3
0.58 0.3
0.6 0.3
0.62 0.3
0.64 0.3
0.66 0.3
0.68 0.3
0.7 0.3
0.72 0.3
0.74 0.3
0.76 0.3
0.78 0.3
0.8 0.3
0.82 0.3
0.84 0.3
0.86 0.3
0.88 0.3
0.9 0.3
0.92 0.3
0.94 0.3
0.96 0.3
0.98 0.3
1 0.3
1.02 0.305697
1.04 0.311126
1.06 0.316292
1.08 0.321199
1.1 0.325852
1.12 0.330255
1.14 0.334412
1.16 0.338326
1.18 0.342
1.2 0.345438
1.22 0.348642
1.24 0.351614
1.26 0.354358
1.28 0.356875
1.3 0.359166
1.32 0.361235
1.34 0.363081
1.36 0.364708
1.38 0.366115
1.4 0.367304
1.42 0.368275
1.44 0.36903
1.46 0.369569
1.48 0.369892
1.5 0.37
1.52 0.369892
1.54 0.369569
1.56 0.36903
1.58 0.368275
1.6 0.367304
1.62 0.366115
1.64 0.364708
1.66 0.363081
1.68 0.361235
1.7 0.359166
1.72 0.356875
1.74 0.354358
1.76 0.351614
1.78 0.348642
1.8 0.345438
1.82 0.342
1.84 0.338326
1.86 0.334412
1.88 0.330255
1.9 0.325852
1.92 0.321199
1.94 0.316292
1.96 0.311126
1.98 0.305697
2 0.3
2.02 0.3
2.04 0.3
2.06 0.3
2.08 0.3
2.1 0.3
2.12 0.3
2.14 0.3
2.16 0.3
2.18 0.3
2.2 0.3
2.22 0.3
2.24 0.3
2.26 0.3
2.28 0.3
2.3 0.3
2.32 0.3
2.34 0.3
2.36 0.3
2.38 0.3
2.4 0.3
2.42 0.3
2.44 0.3
2.46 0.3
2.48 0.3
2.5 0.3
2.52 0.3
2.54 0.3
2.56 0.3
2.58 0.3
2.6 0.3
2.62 0.3
2.64 0.3
2.66 0.3
2.68 0.3
2.7 0.3
2.72 0.3
2.74 0.3
2.76 0.3
2.78 0.3
2.8 0.3
2.82 0.3
2.84 0.3
2.86 0.3
2.88 0.3
2.9 0.3
2.92 0.3
2.94 0.3
2.96 0.3
2.98 0.3
3 0.3
3.02 0.3
3.04 0.3
-0.04 0.32
-0.02 0.32
0 0.32
0.02 0.32
0.04 0.32
0.06 0.32
0.08 0.32
0.1 0.32
0.12 0.32
0.14 0.32
0.16 0.32
0.18 0.32
0.2 0.32
0.22 0.32
0.24 0.32
0.26 0.32
0.28 0.32
0.3 0.32
0.32 0.32
0.34 0.32
0.36 0.32
0.38 0.32
0.4 0.32
0.42 0.32
0.44 0.32
0.46 0.32
0.48 0.32
0.5 0.32
0.52 0.32
0.54 0.32
0.56 0.32
0.58 0.32
0.6 0.32
0.62 0.32
0.64 0.32
0.66 0.32
0.68 0.32
0.7 0.32
0.72 0.32
0.74 0.32
0.76 0.32
0.78 0.32
0.8 0.32
0.82 0.32
0.84 0.32
0.86 0.32
0.88 0.32
0.9 0.32
0.92 0.32
0.94 0.32
0.96 0.32
0.98 0.32
1 0.32
1.02 0.325535
1.04 0.330808
1.06 0.335827
1.08 0.340593
1.1 0.345114
1.12 0.349391
1.14 0.353429
1.16 0.357231
1.18 0.3608
1.2 0.36414
1.22 0.367252
1.24 0.37014
1.26 0.372805
1.28 0.37525
1.3 0.377476
1.32 0.379485
1.34 0.381279
1.36 0.382859
1.38 0.384226
1.4 0.385381
1.42 0.386325
1.44 0.387058
1.46 0.387581
1.48 0.387895
1.5 0.388
1.52 0.387895
1.54 0.387581
1.56 0.387058
1.58 0.386325
1.6 0.385381
1.62 0.384226
1.64 0.382859
1.66 0.381279
1.68 0.379485
1.7 0.377476
1.72 0.37525
1.74 0.372805
1.76 0.37014
1.78 0.367252
1.8 0.36414
1.82 0.3608
1.84 0.357231
1.86 0.353429
1.88 0.349391
1.9 0.345114
1.92 0.340593
1.94 0.335827
1.96 0.330808
1.98 0.325535
2 0.32
2.02 0.32
2.04 0.32
2.06 0.32
2.08 0.32
2.1 0.32
2.12 0.32
2.14 0.32
2.16 0.32
2.18 0.32
2.2 0.32
2.22 0.32
2.24 0.32
2.26 0.32
2.28 0.32
2.3 0.32
2.32 0.32
2.34 0.32
2.36 0.32
2.38 0.32
2.4 0.32
2.42 0.32
2.44 0.32
2.46 0.32
2.48 0.32
2.5 0.32
2.52 0.32
2.54 0.32
2.56 0.32
2.58 0.32
2.6 0.32
2.62 0.32
2.64 0.32
2.66 0.32
2.68 0.32
2.7 0.32
2.72 0.32
2.74 0.32
2.76 0.32
2.78 0.32
2.8 0.32
2.82 0.32
2.84 0.32
2.86 0.32
2.88 0.32
2.9 0.32
2.92 0.32
2.94 0.32
2.96 0.32
2.98 0.32
3 0.32
3.02 0.32
3.04 0.32
-0.04 0.34
-0.02 0.34
0 0.34
0.02 0.34
0.04 0.34
0.06 0.34
0.08 0.34
0.1 0.34
0.12 0.34
0.14 0.34
0.16 0.34
0.18 0.34
0.2 0.34
0.22 0.34
0.24 0.34
0.26 0.34
0.28 0.34
0.3 0.34
0.32 0.34
0.34 0.34
0.36 0.34
0.38 0.34
0.4 0.34
0.42 0.34
0.44 0.34
0.46 0.34
0.48 0.34
0.5 0.34
0.52 0.34
0.54 0.34
0.56 0.34
0.58 0.34
0.6 0.34
0.62 0.34
0.64 0.34
0.66 0.34
0.68 0.34
0.7 0.34
0.72 0.34
0.74 0.34
0.76 0.34
0.78 0.34
0.8 0.34
0.82 0.34
0.84 0.34
0.86 0.34
0.88 0.34
0.9 0.34
0.92 0.34
0.94 0.34
0.96 0.34
0.98 0.34
1 0.34
1.02 0.345372
1.04 0.350491
1.06 0.355361
1.08 0.359988
1.1 0.364375
1.12 0.368526
1.14 0.372445
1.16 0.376136
1.18 0.3796
1.2 0.382841
1.22 0.385862
1.24 0.388665
1.26 0.391252
1.28 0.393625
1.3 0.395785
1.32 0.397736
1.34 0.399477
1.36 0.40101
1.38 0.402337
1.4 0.403458
1.42 0.404374
1.44 0.405086
1.46 0.405594
1.48 0.405898
1.5 0.406
1.52 0.405898
1.54 0.405594
1.56 0.405086
1.58 0.404374
1.6 0.403458
1.62 0.402337
1.64 0.40101
1.66 0.399477
1.68 0.397736
1.7 0.395785
1.72 0.393625
1.74 0.391252
1.76 0.388665
1.78 0.385862
1.8 0.382841
1.82 0.3796
1.84 0.376136
1.86 0.372445
1.88 0.368526
1.9 0.364375
1.92 0.359988
1.94 0.355361
1.96 0.350491
1.98 0.345372
2 0.34
2.02 0.34
2.04 0.34
2.06 0.34
2.08 0.34
2.1 0.34
2.12 0.34
2.14 0.34
2.16 0.34
2.18 0.34
2.2 0.34
2.22 0.34
2.24 0.34
2.26 0.34
2.28 0.34
2.3 0.34
2.32 0.34
2.34 0.34
2.36 0.34
2.38 0.34
2.4 0.34
2.42 0.34
2.44 0.34
2.46 0.34
2.48 0.34
2.5 0.34
2.52 0.34
2.54 0.34
2.56 0.34
2.58 0.34
2.6 0.34
2.62 0.34
2.64 0.34
2.66 0.34
2.68 0.34
2.7 0.34
2.72 0.34
2.74 0.34
2.76 0.34
2.78 0.34
2.8 0.34
2.82 0.34
2.84 0.34
2.86 0.34
2.88 0.34
2.9 0.34
2.92 0.34
2.94 0.34
2.96 0.34
2.98 0.34
3 0.34
3.02 0.34
3.04 0.34
-0.04 0.36
-0.02 0.36
0 0.36
0.02 0.36
0.04 0.36
0.06 0.36
0.08 0.36
0.1 0.36
0.12 0.36
0.14 0.36
0.16 0.36
0.18 0.36
0.2 0.36
0.22 0.36
0.24 0.36
0.26 0.36
0.28 0.36
0.3 0.36
0.32 0.36
0.34 0.36
0.36 0.36
0.38 0.36
0.4 0.36
0.42 0.36
0.44 0.36
0.46 0.36
0.48 0.36
0.5 0.36
0.52 0.36
0.54 0.36
0.56 0.36
0.58 0.36
0.6 0.36
0.62 0.36
0.64 0.36
0.66 0.36
0.68 0.36
0.7 0.36
0.72 0.36
0.74 0.36
0.76 0.36
0.78 0.36
0.8 0.36
0.82 0.36
0.84 0.36
0.86 0.36
0.88 0.36
0.9 0.36
0.92 0.36
0.94 0.36
0.96 0.36
0.98 0.36
1 0.36
1.02 0.365209
1.04 0.370173
1.06 0.374896
1.08 0.379382
1.1 0.383636
1.12 0.387662
1.14 0.391462
1.16 0.395041
1.18 0.3984
1.2 0.401543
1.22 0.404472
1.24 0.40719
1.26 0.409699
1.28 0.412
1.3 0.414095
1.32 0.415986
1.34 0.417674
1.36 0.419161
1.38 0.420448
1.4 0.421535
1.42 0.422423
1.44 0.423113
1.46 0.423606
1.48 0.423902
1.5 0.424
1.52 0.423902
1.54 0.423606
1.56 0.423113
1.58 0.422423
1.6 0.421535
1.62 0.420448
1.64 0.419161
1.66 0.417674
1.68 0.415986
1.7 0.414095
1.72 0.412
1.74 0.409699
1.76 0.40719
1.78 0.404472
1.8 0.401543
1.82 0.3984
1.84 0.395041
1.86 0.391462
1.88 0.387662
1.9 0.383636
1.92 0.379382
1.94 0.374896
1.96 0.370173
1.98 0.365209
2 0.36
2.02 0.36
2.04 0.36
2.06 0.36
2.08 0.36
2.1 0.36
2.12 0.36
2.14 0.36
2.16 0.36
2.18 0.36
2.2 0.36
2.22 0.36
2.24 0.36
2.26 0.36
2.28 0.36
2.3 0.36
2.32 0.36
2.34 0.36
2.36 0.36
2.38 0.36
2.4 0.36
2.42 0.36
2.44 0.36
2.46 0.36
2.48 0.36
2.5 0.36
2.52 0.36
2.54 0.36
2.56 0.36
2.58 0.36
2.6 0.36
2.62 0.36
2.64 0.36
2.66 0.36
2.68 0.36
2.7 0.36
2.72 0.36
2.74 0.36
2.76 0.36
2.78 0.36
2.8 0.36
2.82 0.36
2.84 0.36
2.86 0.36
2.88 0.36
2.9 0.36
2.92 0.36
2.94 0.36
2.96 0.36
2.98 0.36
3 0.36
3.02 0.36
3.04 0.36
-0.04 0.38
-0.02 0.38
0 0.38
0.02 0.38
0.04 0.38
0.06 0.38
0.08 0.38
0.1 0.38
0.12 0.38
0.14 0.38
0.16 0.38
0.18 0.38
0.2 0.38
0.22 0.38
0.24 0.38
0.26 0.38
0.28 0.38
0.3 0.38
0.32 0.38
0.34 0.38
0.36 0.38
0.38 0.38
0.4 0.38
0.42 0.38
0.44 0.38
0.46 0.38
0.48 0.38
0.5 0.38
0.52 0.38
0.54 0.38
0.56 0.38
0.58 0.38
0.6 0.38
0.62 0.38
0.64 0.38
0.66 0.38
0.68 0.38
0.7 0.38
0.72 0.38
0.74 0.38
0.76 0.38
0.78 0.38
0.8 0.38
0.82 0.38
0.84 0.38
0.86 0.38
0.88 0.38
0.9 0.38
0.92 0.38
0.94 0.38
0.96 0.38
0.98 0.38
1 0.38
1.02 0.385046
1.04 0.389855
1.06 0.39443
1.08 0.398776
1.1 0.402898
1.12 0.406797
1.14 0.410479
1.16 0.413946
1.18 0.4172
1.2 0.420245
1.22 0.423083
1.24 0.425715
1.26 0.428146
1.28 0.430375
1.3 0.432404
1.32 0.434236
1.34 0.435872
1.36 0.437313
1.38 0.438559
1.4 0.439612
1.42 0.440472
1.44 0.441141
1.46 0.441618
1.48 0.441905
1.5 0.442
1.52 0.441905
1.54 0.441618
1.56 0.441141
1.58 0.440472
1.6 0.439612
1.62 0.438559
1.64 0.437313
1.66 0.435872
1.68 0.434236
1.7 0.432404
1.72 0.430375
1.74 0.428146
1.76 0.425715
1.78 0.423083
1.8 0.420245
1.82 0.4172
1.84 0.413946
1.86 0.410479
1.88 0.406797
1.9 0.402898
1.92 0.398776
1.94 0.39443
1.96 0.389855
1.98 0.385046
2 0.38
2.02 0.38
2.04 0.38
2.06 0.38
2.08 0.38
2.1 0.38
2.12 0.38
2.14 0.38
2.16 0.38
2.18 0.38
2.2 0.38
2.22 0.38
2.24 0.38
2.26 0.38
2.28 0.38
2.3 0.38
2.32 0.38
2.34 0.38
2.36 0.38
2.38 0.38
2.4 0.38
2.42 0.38
2.44 0.38
2.46 0.38
2.48 0.38
2.5 0.38
2.52 0.38
2.54 0.38
2.56 0.38
2.58 0.38
2.6 0.38
2.62 0.38
2.64 0.38
2.66 0.38
2.68 0.38
2.7 0.38
2.72 0.38
2.74 0.38
2.76 0.38
2.78 0.38
2.8 0.38
2.82 0.38
2.84 0.38
2.86 0.38
2.88 0.38
2.9 0.38
2.92 0.38
2.94 0.38
2.96 0.38
2.98 0.38
3 0.38
3.02 0.38
3.04 0.38
-0.04 0.4
-0.02 0.4
0 0.4
0.02 0.4
0.04 0.4
0.06 0.4
0.08 0.4
0.1 0.4
0.12 0.4
0.14 0.4
0.16 0.4
0.18 0.4
0.2 0.4
0.22 0.4
0.24 0.4
0.26 0.4
0.28 0.4
0.3 0.4
0.32 0.4
0.34 0.4
0.36 0.4
0.38 0.4
0.4 0.4
0.42 0.4
0.44 0.4
0.46 0.4
0.48 0.4
0.5 0.4
0.52 0.4
0.54 0.4
0.56 0.4
0.58 0.4
0.6 0.4
0.62 0.4
0.64 0.4
0.66 0.4
0.68 0.4
0.7 0.4
0.72 0.4
0.74 0.4
0.76 0.4
0.78 0.4
0.8 0.4
0.82 0.4
0.84 0.4
0.86 0.4
0.88 0.4
0.9 0.4
0.92 0.4
0.94 0.4
0.96 0.4
0.98 0.4
1 0.4
1.02 0.404883
1.04 0.409537
1.06 0.413965
1.08 0.418171
1.1 0.422159
1.12 0.425933
1.14 0.429496
1.16 0.432851
1.18 0.436
1.2 0.438947
1.22 0.441693
1.24 0.444241
1.26 0.446592
1.28 0.44875
1.3 0.450714
1.32 0.452487
1.34 0.45407
1.36 0.455464
1.38 0.45667
1.4 0.457689
1.42 0.458522
1.44 0.459169
1.46 0.459631
1.48 0.459908
1.5 0.46
1.52 0.459908
1.54 0.459631
1.56 0.459169
1.58 0.458522
1.6 0.457689
1.62 0.45667
1.64 0.455464
1.66 0.45407
1.68 0.452487
1.7 0.450714
1.72 0.44875
1.74 0.446592
1.76 0.444241
1.78 0.441693
1.8 0.438947
1.82 0.436
1.84 0.432851
1.86 0.429496
1.88 0.425933
1.9 0.422159
1.92 0.418171
1.94 0.413965
1.96 0.409537
1.98 0.404883
2 0.4
2.02 0.4
2.04 0.4
2.06 0.4
2.08 0.4
2.1 0.4
2.12 0.4
2.14 0.4
2.16 0.4
2.18 0.4
2.2 0.4
2.22 0.4
2.24 0.4
2.26 0.4
2.28 0.4
2.3 0.4
2.32 0.4
2.34 0.4
2.36 0.4
2.38 0.4
2.4 0.4
2.42 0.4
2.44 0.4
2.46 0.4
2.48 0.4
2.5 0.4
2.52 0.4
2.54 0.4
2.56 0.4
2.58 0.4
2.6 0.4
2.62 0.4
2.64 0.4
2.66 0.4
2.68 0.4
2.7 0.4
2.72 0.4
2.74 0.4
2.76 0.4
2.78 0.4
2.8 0.4
2.82 0.4
2.84 0.4
2.86 0.4
2.88 0.4
2.9 0.4
2.92 0.4
2.94 0.4
2.96 0.4
2.98 0.4
3 0.4
3.02 0.4
3.04 0.4
-0.04 0.42
-0.02 0.42
0 0.42
0.02 0.42
0.04 0.42
0.06 0.42
0.08 0.42
0.1 0.42
0.12 0.42
0.14 0.42
0.16 0.42
0.18 0.42
0.2 0.42
0.22 0.42
0.24 0.42
0.26 0.42
0.28 0.42
0.3 0.42
0.32 0.42
0.34 0.42
0.36 0.42
0.38 0.42
0.4 0.42
0.42 0.42
0.44 0.42
0.46 0.42
0.48 0.42
0.5 0.42
0.52 0.42
0.54 0.42
0.56 0.42
0.58 0.42
0.6 0.42
0.62 0.42
0.64 0.42
0.66 0.42
0.68 0.42
0.7 0.42
0.72 0.42
0.74 0.42
0.76 0.42
0.78 0.42
0.8 0.42
0.82 0.42
0.84 0.42
0.86 0.42
0.88 0.42
0.9 0.42
0.92 0.42
0.94 0.42
0.96 0.42
0.98 0.42
1 0.42
1.02 0.424721
1.04 0.429219
1.06 0.433499
1.08 0.437565
1.1 0.44142
1.12 0.445069
1.14 0.448513
1.16 0.451756
1.18 0.4548
1.2 0.457648
1.22 0.460303
1.24 0.462766
1.26 0.465039
1.28 0.467125
1.3 0.469023
1.32 0.470737
1.34 0.472267
1.36 0.473615
1.38 0.474781
1.4 0.475766
1.42 0.476571
1.44 0.477196
1.46 0.477643
1.48 0.477911
1.5 0.478
1.52 0.477911
1.54 0.477643
1.56 0.477196
1.58 0.476571
1.6 0.475766
1.62 0.474781
1.64 0.473615
1.66 0.472267
1.68 0.470737
1.7 0.469023
1.72 0.467125
1.74 0.465039
1.76 0.462766
1.78 0.460303
1.8 0.457648
1.82 0.4548
1.84 0.451756
1.86 0.448513
1.88 0.445069
1.9 0.44142
1.92 0.437565
1.94 0.433499
1.96 0.429219
1.98 0.424721
2 0.42
2.02 0.42
2.04 0.42
2.06 0.42
2.08 0.42
2.1 0.42
2.12 0.42
2.14 0.42
2.16 0.42
2.18 0.42
2.2 0.42
2.22 0.42
2.24 0.42
2.26 0.42
2.28 0.42
2.3 0.42
2.32 0.42
2.34 0.42
2.36 0.42
2.38 0.42
2.4 0.42
2.42 0.42
2.44 0.42
2.46 0.42
2.48 0.42
2.5 0.42
2.52 0.42
2.54 0.42
2.56 0.42
2.58 0.42
2.6 0.42
2.62 0.42
2.64 0.42
2.66 0.42
2.68 0.42
2.7 0.42
2.72 0.42
2.74 0.42
2.76 0.42
2.78 0.42
2.8 0.42
2.82 0.42
2.84 0.42
2.86 0.42
2.88 0.42
2.9 0.42
2.92 0.42
2.94 0.42
2.96 0.42
2.98 0.42
3 0.42
3.02 0.42
3.04 0.42
-0.04 0.44
-0.02 0.44
0 0.44
0.02 0.44
0.04 0.44
0.06 0.44
0.08 0.44
0.1 0.44
0.12 0.44
0.14 0.44
0.16 0.44
0.18 0.44
0.2 0.44
0.22 0.44
0.24 0.44
0.26 0.44
0.28 0.44
0.3 0.44
0.32 0.44
0.34 0.44
0.36 0.44
0.38 0.44
0.4 0.44
0.42 0.44
0.44 0.44
0.46 0.44
0.48 0.44
0.5 0.44
0.52 0.44
0.54 0.44
0.56 0.44
0.58 0.44
0.6 0.44
0.62 0.44
0.64 0.44
0.66 0.44
0.68 0.44
0.7 0.44
0.72 0.44
0.74 0.44
0.76 0.44
0.78 0.44
0.8 0.44
0.82 0.44
0.84 0.44
0.86 0.44
0.88 0.44
0.9 0.44
0.92 0.44
0.94 0.44
0.96 0.44
0.98 0.44
1 0.44
1.02 0.444558
1.04 0.448901
1.06 0.453034
1.08 0.456959
1.1 0.460682
1.12 0.464204
1.14 0.467529
1.16 0.470661
1.18 0.4736
1.2 0.47635
1.22 0.478913
1.24 0.481291
1.26 0.483486
1.28 0.4855
1.3 0.487333
1.32 0.488988
1.34 0.490465
1.36 0.491766
1.38 0.492892
1.4 0.493843
1.42 0.49462
1.44 0.495224
1.46 0.495655
1.48 0.495914
1.5 0.496
1.52 0.495914
1.54 0.495655
1.56 0.495224
1.58 0.49462
1.6 0.493843
1.62 0.492892
1.64 0.491766
1.66 0.490465
1.68 0.488988
1.7 0.487333
1.72 0.4855
1.74 0.483486
1.76 0.481291
1.78 0.478913
1.8 0.47635
1.82 0.4736
1.84 0.470661
1.86 0.467529
1.88 0.464204
1.9 0.460682
1.92 0.456959
1.94 0.453034
1.96 0.448901
1.98 0.444558
2 0.44
2.02 0.44
2.04 0.44
2.06 0.44
2.08 0.44
2.1 0.44
2.12 0.44
2.14 0.44
2.16 0.44
2.18 0.44
2.2 0.44
2.22 0.44
2.24 0.44
2.26 0.44
2.28 0.44
2.3 0.44
2.32 0.44
2.34 0.44
2.36 0.44
2.38 0.44
2.4 0.44
2.42 0.44
2.44 0.44
2.46 0.44
2.48 0.44
2.5 0.44
2.52 0.44
2.54 0.44
2.56 0.44
2.58 0.44
2.6 0.44
2.62 0.44
2.64 0.44
2.66 0.44
2.68 0.44
2.7 0.44
2.72 0.44
2.74 0.44
2.76 0.44
2.78 0.44
2.8 0.44
2.82 0.44
2.84 0.44
2.86 0.44
2.88 0.44
2.9 0.44
2.92 0.44
2.94 0.44
2.96 0.44
2.98 0.44
3 0.44
3.02 0.44
3.04 0.44
-0.04 0.46
-0.02 0.46
0 0.46
0.02 0.46
0.04 0.46
0.06 0.46
0.08 0.46
0.1 0.46
0.12 0.46
0.14 0.46
0.16 0.46
0.18 0.46
0.2 0.46
0.22 0.46
0.24 0.46
0.26 0.46
0.28 0.46
0.3 0.46
0.32 0.46
0.34 0.46
0.36 0.46
0.38 0.46
0.4 0.46
0.42 0.46
0.44 0.46
0.46 0.46
0.48 0.46
0.5 0.46
0.52 0.46
0.54 0.46
0.56 0.46
0.58 0.46
0.6 0.46
0.62 0.46
0.64 0.46
0.66 0.46
0.68 0.46
0.7 0.46
0.72 0.46
0.74 0.46
0.76 0.46
0.78 0.46
0.8 0.46
0.82 0.46
0.84 0.46
0.86 0.46
0.88 0.46
0.9 0.46
0.92 0.46
0.94 0.46
0.96 0.46
0.98 0.46
1 0.46
1.02 0.464395
1.04 0.468583
1.06 0.472568
1.08 0.476354
1.1 0.479943
1.12 0.48334
1.14 0.486546
1.16 0.489566
1.18 0.4924
1.2 0.495052
1.22 0.497524
1.24 0.499817
1.26 0.501933
1.28 0.503875
1.3 0.505643
1.32 0.507238
1.34 0.508663
1.36 0.509917
1.38 0.511003
1.4 0.51192
1.42 0.51267
1.44 0.513252
1.46 0.513668
1.48 0.513917
1.5 0.514
1.52 0.513917
1.54 0.513668
1.56 0.513252
1.58 0.51267
1.6 0.51192
1.62 0.511003
1.64 0.509917
1.66 0.508663
1.68 0.507238
1.7 0.505643
1.72 0.503875
1.74 0.501933
1.76 0.499817
1.78 0.497524
1.8 0.495052
1.82 0.4924
1.84 0.489566
1.86 0.486546
1.88 0.48334
1.9 0.479943
1.92 0.476354
1.94 0.472568
1.96 0.468583
1.98 0.464395
2 0.46
2.02 0.46
2.04 0.46
2.06 0.46
2.08 0.46
2.1 0.46
2.12 0.46
2.14 0.46
2.16 0.46
2.18 0.46
2.2 0.46
2.22 0.46
2.24 0.46
2.26 0.46
2.28 0.46
2.3 0.46
2.32 0.46
2.34 0.46
2.36 0.46
2.38 0.46
2.4 0.46
2.42 0.46
2.44 0.46
2.46 0.46
2.48 0.46
2.5 0.46
2.52 0.46
2.54 0.46
2.56 0.46
2.58 0.46
2.6 0.46
2.62 0.46
2.64 0.46
2.66 0.46
2.68 0.46
2.7 0.46
2.72 0.46
2.74 0.46
2.76 0.46
2.78 0.46
2.8 0.46
2.82 0.46
2.84 0.46
2.86 0.46
2.88 0.46
2.9 0.46
2.92 0.46
2.94 0.46
2.96 0.46
2.98 0.46
3 0.46
3.02 0.46
3.04 0.46
-0.04 0.48
-0.02 0.48
0 0.48
0.02 0.48
0.04 0.48
0.06 0.48
0.08 0.48
0.1 0.48
0.12 0.48
0.14 0.48
0.16 0.48
0.18 0.48
0.2 0.48
0.22 0.48
0.24 0.48
0.26 0.48
0.28 0.48
0.3 0.48
0.32 0.48
0.34 0.48
0.36 0.48
0.38 0.48
0.4 0.48
0.42 0.48
0.44 0.48
0.46 0.48
0.48 0.48
0.5 0.48
0.52 0.48
0.54 0.48
0.56 0.48
0.58 0.48
0.6 0.48
0.62 0.48
0.64 0.48
0.66 0.48
0.68 0.48
0.7 0.48
0.72 0.48
0.74 0.48
0.76 0.48
0.78 0.48
0.8 0.48
0.82 0.48
0.84 0.48
0.86 0.48
0.88 0.48
0.9 0.48
0.92 0.48
0.94 0.48
0.96 0.48
0.98 0.48
1 0.48
1.02 0.484232
1.04 0.488265
1.06 0.492103
1.08 0.495748
1.1 0.499204
1.12 0.502475
1.14 0.505563
1.16 0.508471
1.18 0.5112
1.2 0.513754
1.22 0.516134
1.24 0.518342
1.26 0.52038
1.28 0.52225
1.3 0.523952
1.32 0.525489
1.34 0.52686
1.36 0.528069
1.38 0.529114
1.4 0.529997
1.42 0.530719
1.44 0.53128
1.46 0.53168
1.48 0.53192
1.5 0.532
1.52 0.53192
1.54 0.53168
1.56 0.53128
1.58 0.530719
1.6 0.529997
1.62 0.529114
1.64 0.528069
1.66 0.52686
1.68 0.525489
1.7 0.523952
1.72 0.52225
1.74 0.52038
1.76 0.518342
1.78 0.516134
1.8 0.513754
1.82 0.5112
1.84 0.508471
1.86 0.505563
1.88 0.502475
1.9 0.499204
1.92 0.495748
1.94 0.492103
1.96 0.488265
1.98 0.484232
2 0.48
2.02 0.48
2.04 0.48
2.06 0.48
2.08 0.48
2.1 0.48
2.12 0.48
2.14 0.48
2.16 0.48
2.18 0.48
2.2 0.48
2.22 0.48
2.24 0.48
2.26 0.48
2.28 0.48
2.3 0.48
2.32 0.48
2.34 0.48
2.36 0.48
2.38 0.48
2.4 0.48
2.42 0.48
2.44 0.48
2.46 0.48
2.48 0.48
2.5 0.48
2.52 0.48
2.54 0.48
2.56 0.48
2.58 0.48
2.6 0.48
2.62 0.48
2.64 0.48
2.66 0.48
2.68 0.48
2.7 0.48
2.72 0.48
2.74 0.48
2.76 0.48
2.78 0.48
2.8 0.48
2.82 0.48
2.84 0.48
2.86 0.48
2.88 0.48
2.9 0.48
2.92 0.48
2.94 0.48
2.96 0.48
2.98 0.48
3 0.48
3.02 0.48
3.04 0.48
-0.04 0.5
-0.02 0.5
0 0.5
0.02 0.5
0.04 0.5
0.06 0.5
0.08 0.5
0.1 0.5
0.12 0.5
0.14 0.5
0.16 0.5
0.18 0.5
0.2 0.5
0.22 0.5
0.24 0.5
0.26 0.5
0.28 0.5
0.3 0.5
0.32 0.5
0.34 0.5
0.36 0.5
0.38 0.5
0.4 0.5
0.42 0.5
0.44 0.5
0.46 0.5
0.48 0.5
0.5 0.5
0.52 0.5
0.54 0.5
0.56 0.5
0.58 0.5
0.6 0.5
0.62 0.5
0.64 0.5
0.66 0.5
0.68 0.5
0.7 0.5
0.72 0.5
0.74 0.5
0.76 0.5
0.78 0.5
0.8 0.5
0.82 0.5
0.84 0.5
0.86 0.5
0.88 0.5
0.9 0.5
0.92 0.5
0.94 0.5
0.96 0.5
0.98 0.5
1 0.5
1.02 0.50407
1.04 0.507947
1.06 0.511637
1.08 0.515142
1.1 0.518466
1.12 0.521611
1.14 0.52458
1.16 0.527375
1.18 0.53
1.2 0.532456
1.22 0.534744
1.24 0.536867
1.26 0.538827
1.28 0.540625
1.3 0.542262
1.32 0.543739
1.34 0.545058
1.36 0.54622
1.38 0.547225
1.4 0.548074
1.42 0.548768
1.44 0.549307
1.46 0.549692
1.48 0.549923
1.5 0.55
1.52 0.549923
1.54 0.549692
1.56 0.549307
1.58 0.548768
1.6 0.548074
1.62 0.547225
1.64 0.54622
1.66 0.545058
1.68 0.543739
1.7 0.542262
1.72 0.540625
1.74 0.538827
1.76 0.536867
1.78 0.534744
1.8 0.532456
1.82 0.53
1.84 0.527375
1.86 0.52458
1.88 0.521611
1.9 0.518466
1.92 0.515142
1.94 0.511637
1.96 0.507947
1.98 0.50407
2 0.5
2.02 0.5
2.04 0.5
2.06 0.5
2.08 0.5
2.1 0.5
2.12 0.5
2.14 0.5
2.16 0.5
2.18 0.5
2.2 0.5
2.22 0.5
2.24 0.5
2.26 0.5
2.28 0.5
2.3 0.5
2.32 0.5
2.34 0.5
2.36 0.5
2.38 0.5
2.4 0.5
2.42 0.5
2.44 0.5
2.46 0.5
2.48 0.5
2.5 0.5
2.52 0.5
2.54 0.5
2.56 0.5
2.58 0.5
2.6 0.5
2.62 0.5
2.64 0.5
2.66 0.5
2.68 0.5
2.7 0.5
2.72 0.5
2.74 0.5
2.76 0.5
2.78 0.5
2.8 0.5
2.82 0.5
2.84 0.5
2.86 0.5
2.88 0.5
2.9 0.5
2.92 0.5
2.94 0.5
2.96 0.5
2.98 0.5
3 0.5
3.02 0.5
3.04 0.5
-0.04 0.52
-0.02 0.52
0 0.52
0.02 0.52
0.04 0.52
0.06 0.52
0.08 0.52
0.1 0.52
0.12 0.52
0.14 0.52
0.16 0.52
0.18 0.52
0.2 0.52
0.22 0.52
0.24 0.52
0.26 0.52
0.28 0.52
0.3 0.52
0.32 0.52
0.34 0.52
0.36 0.52
0.38 0.52
0.4 0.52
0.42 0.52
0.44 0.52
0.46 0.52
0.48 0.52
0.5 0.52
0.52 0.52
0.54 0.52
0.56 0.52
0.58 0.52
0.6 0.52
0.62 0.52
0.64 0.52
0.66 0.52
0.68 0.52
0.7 0.52
0.72 0.52
0.74 0.52
0.76 0.52
0.78 0.52
0.8 0.52
0.82 0.52
0.84 0.52
0.86 0.52
0.88 0.52
0.9 0.52
0.92 0.52
0.94 0.52
0.96 0.52
0.98 0.52
1 0.52
1.02 0.523907
1.04 0.527629
1.06 0.531172
1.08 0.534537
1.1 0.537727
1.12 0.540746
1.14 0.543597
1.16 0.54628
1.18 0.5488
1.2 0.551157
1.22 0.553354
1.24 0.555393
1.26 0.557274
1.28 0.559
1.3 0.560571
1.32 0.56199
1.34 0.563256
1.36 0.564371
1.38 0.565336
1.4 0.566151
1.42 0.566817
1.44 0.567335
1.46 0.567705
1.48 0.567926
1.5 0.568
1.52 0.567926
1.54 0.567705
1.56 0.567335
1.58 0.566817
1.6 0.566151
1.62 0.565336
1.64 0.564371
1.66 0.563256
1.68 0.56199
1.7 0.560571
1.72 0.559
1.74 0.557274
1.76 0.555393
1.78 0.553354
1.8 0.551157
1.82 0.5488
1.84 0.54628
1.86 0.543597
1.88 0.540746
1.9 0.537727
1.92 0.534537
1.94 0.531172
1.96 0.527629
1.98 0.523907
2 0.52
2.02 0.52
2.04 0.52
2.06 0.52
2.08 0.52
2.1 0.52
2.12 0.52
2.14 0.52
2.16 0.52
2.18 0.52
2.2 0.52
2.22 0.52
2.24 0.52
2.26 0.52
2.28 0.52
2.3 0.52
2.32 0.52
2.34 0.52
2.36 0.52
2.38 0.52
2.4 0.52
2.42 0.52
2.44 0.52
2.46 0.52
2.48 0.52
2.5 0.52
2.52 0.52
2.54 0.52
2.56 0.52
2.58 0.52
2.6 0.52
2.62 0.52
2.64 0.52
2.66 0.52
2.68 0.52
2.7 0.52
2.72 0.52
2.74 0.52
2.76 0.52
2.78 0.52
2.8 0.52
2.82 0.52
2.84 0.52
2.86 0.52
2.88 0.52
2.9 0.52
2.92 0.52
2.94 0.52
2.96 0.52
2.98 0.52
3 0.52
3.02 0.52
3.04 0.52
-0.04 0.54
-0.02 0.54
0 0.54
0.02 0.54
0.04 0.54
0.06 0.54
0.08 0.54
0.1 0.54
0.12 0.54
0.14 0.54
0.16 0.54
0.18 0.54
0.2 0.54
0.22 0.54
0.24 0.54
0.26 0.54
0.28 0.54
0.3 0.54
0.32 0.54
0.34 0.54
0.36 0.54
0.38 0.54
0.4 0.54
0.42 0.54
0.44 0.54
0.46 0.54
0.48 0.54
0.5 0.54
0.52 0.54
0.54 0.54
0.56 0.54
0.58 0.54
0.6 0.54
0.62 0.54
0.64 0.54
0.66 0.54
0.68 0.54
0.7 0.54
0.72 0.54
0.74 0.54
0.76 0.54
0.78 0.54
0.8 0.54
0.82 0.54
0.84 0.54
0.86 0.54
0.88 0.54
0.9 0.54
0.92 0.54
0.94 0.54
0.96 0.54
0.98 0.54
1 0.54
1.02 0.543744
1.04 0.547312
1.06 0.550706
1.08 0.553931
1.1 0.556989
1.12 0.559882
1.14 0.562613
1.16 0.565185
1.18 0.5676
1.2 0.569859
1.22 0.571965
1.24 0.573918
1.26 0.575721
1.28 0.577375
1.3 0.578881
1.32 0.58024
1.34 0.581453
1.36 0.582522
1.38 0.583447
1.4 0.584228
1.42 0.584867
1.44 0.585363
1.46 0.585717
1.48 0.585929
1.5 0.586
1.52 0.585929
1.54 0.585717
1.56 0.585363
1.58 0.584867
1.6 0.584228
1.62 0.583447
1.64 0.582522
1.66 0.581453
1.68 0.58024
1.7 0.578881
1.72 0.577375
1.74 0.575721
1.76 0.573918
1.78 0.571965
1.8 0.569859
1.82 0.5676
1.84 0.565185
1.86 0.562613
1.88 0.559882
1.9 0.556989
1.92 0.553931
1.94 0.550706
1.96 0.547312
1.98 0.543744
2 0.54
2.02 0.54
2.04 0.54
2.06 0.54
2.08 0.54
2.1 0.54
2.12 0.54
2.14 0.54
2.16 0.54
2.18 0.54
2.2 0.54
2.22 0.54
2.24 0.54
2.26 0.54
2.28 0.54
2.3 0.54
2.32 0.54
2.34 0.54
2.36 0.54
2.38 0.54
2.4 0.54
2.42 0.54
2.44 0.54
2.46 0.54
2.48 0.54
2.5 0.54
2.52 0.54
2.54 0.54
2.56 0.54
2.58 0.54
2.6 0.54
2.62 0.54
2.64 0.54
2.66 0.54
2.68 0.54
2.7 0.54
2.72 0.54
2.74 0.54
2.76 0.54
2.78 0.54
2.8 0.54
2.82 0.54
2.84 0.54
2.86 0.54
2.88 0.54
2.9 0.54
2.92 0.54
2.94 0.54
2.96 0.54
2.98 0.54
3 0.54
3.02 0.54
3.04 0.54
-0.04 0.56
-0.02 0.56
0 0.56
0.02 0.56
0.04 0.56
0.06 0.56
0.08 0.56
0.1 0.56
0.12 0.56
0.14 0.56
0.16 0.56
0.18 0.56
0.2 0.56
0.22 0.56
0.24 0.56
0.26 0.56
0.28 0.56
0.3 0.56
0.32 0.56
0.34 0.56
0.36 0.56
0.38 0.56
0.4 0.56
0.42 0.56
0.44 0.56
0.46 0.56
0.48 0.56
0.5 0.56
0.52 0.56
0.54 0.56
0.56 0.56
0.58 0.56
0.6 0.56
0.62 0.56
0.64 0.56
0.66 0.56
0.68 0.56
0.7 0.56
0.72 0.56
0.74 0.56
0.76 0.56
0.78 0.56
0.8 0.56
0.82 0.56
0.84 0.56
0.86 0.56
0.88 0.56
0.9 0.56
0.92 0.56
0.94 0.56
0.96 0.56
0.98 0.56
1 0.56
1.02 0.563581
1.04 0.566994
1.06 0.570241
1.08 0.573325
1.1 0.57625
1.12 0.579018
1.14 0.58163
1.16 0.58409
1.18 0.5864
1.2 0.588561
1.22 0.590575
1.24 0.592443
1.26 0.594168
1.28 0.59575
1.3 0.59719
1.32 0.59849
1.34 0.599651
1.36 0.600673
1.38 0.601558
1.4 0.602305
1.42 0.602916
1.44 0.60339
1.46 0.603729
1.48 0.603932
1.5 0.604
1.52 0.603932
1.54 0.603729
1.56 0.60339
1.58 0.602916
1.6 0.602305
1.62 0.601558
1.64 0.600673
1.66 0.599651
1.68 0.59849
1.7 0.59719
1.72 0.59575
1.74 0.594168
1.76 0.592443
1.78 0.590575
1.8 0.588561
1.82 0.5864
1.84 0.58409
1.86 0.58163
1.88 0.579018
1.9 0.57625
1.92 0.573325
1.94 0.570241
1.96 0.566994
1.98 0.563581
2 0.56
2.02 0.56
2.04 0.56
2.06 0.56
2.08 0.56
2.1 0.56
2.12 0.56
2.14 0.56
2.16 0.56
2.18 0.56
2.2 0.56
2.22 0.56
2.24 0.56
2.26 0.56
2.28 0.56
2.3 0.56
2.32 0.56
2.34 0.56
2.36 0.56
2.38 0.56
2.4 0.56
2.42 0.56
2.44 0.56
2.46 0.56
2.48 0.56
2.5 0.56
2.52 0.56
2.54 0.56
2.56 0.56
2.58 0.56
2.6 0.56
2.62 0.56
2.64 0.56
2.66 0.56
2.68 0.56
2.7 0.56
2.72 0.56
2.74 0.56
2.76 0.56
2.78 0.56
2.8 0.56
2.82 0.56
2.84 0.56
2.86 0.56
2.88 0.56
2.9 0.56
2.92 0.56
2.94 0.56
2.96 0.56
2.98 0.56
3 0.56
3.02 0.56
3.04 0.56
-0.04 0.58
-0.02 0.58
0 0.58
0.02 0.58
0.04 0.58
0.06 0.58
0.08 0.58
0.1 0.58
0.12 0.58
0.14 0.58
0.16 0.58
0.18 0.58
0.2 0.58
0.22 0.58
0.24 0.58
0.26 0.58
0.28 0.58
0.3 0.58
0.32 0.58
0.34 0.58
0.36 0.58
0.38 0.58
0.4 0.58
0.42 0.58
0.44 0.58
0.46 0.58
0.48 0.58
0.5 0.58
0.52 0.58
0.54 0.58
0.56 0.58
0.58 0.58
0.6 0.58
0.62 0.58
0.64 0.58
0.66 0.58
0.68 0.58
0.7 0.58
0.72 0.58
0.74 0.58
0.76 0.58
0.78 0.58
0.8 0.58
0.82 0.58
0.84 0.58
0.86 0.58
0.88 0.58
0.9 0.58
0.92 0.58
0.94 0.58
0.96 0.58
0.98 0.58
1 0.58
1.02 0.583418
1.04 0.586676
1.06 0.589775
1.08 0.592719
1.1 0.595511
1.12 0.598153
1.14 0.600647
1.16 0.602995
1.18 0.6052
1.2 0.607263
1.22 0.609185
1.24 0.610969
1.26 0.612615
1.28 0.614125
1.3 0.6155
1.32 0.616741
1.34 0.617849
1.36 0.618825
1.38 0.619669
1.4 0.620382
1.42 0.620965
1.44 0.621418
1.46 0.621741
1.48 0.621935
1.5 0.622
1.52 0.621935
1.54 0.621741
1.56 0.621418
1.58 0.620965
1.6 0.620382
1.62 0.619669
1.64 0.618825
1.66 0.617849
1.68 0.616741
1.7 0.6155
1.72 0.614125
1.74 0.612615
1.76 0.610969
1.78 0.609185
1.8 0.607263
1.82 0.6052
1.84 0.602995
1.86 0.600647
1.88 0.598153
1.9 0.595511
1.92 0.592719
1.94 0.589775
1.96 0.586676
1.98 0.583418
2 0.58
2.02 0.58
2.04 0.58
2.06 0.58
2.08 0.58
2.1 0.58
2.12 0.58
2.14 0.58
2.16 0.58
2.18 0.58
2.2 0.58
2.22 0.58
2.24 0.58
2.26 0.58
2.28 0.58
2.3 0.58
2.32 0.58
2.34 0.58
2.36 0.58
2.38 0.58
2.4 0.58
2.42 0.58
2.44 0.58
2.46 0.58
2.48 0.58
2.5 0.58
2.52 0.58
2.54 0.58
2.56 0.58
2.58 0.58
2.6 0.58
2.62 0.58
2.64 0.58
2.66 0.58
2.68 0.58
2.7 0.58
2.72 0.58
2.74 0.58
2.76 0.58
2.78 0.58
2.8 0.58
2.82 0.58
2.84 0.58
2.86 0.58
2.88 0.58
2.9 0.58
2.92 0.58
2.94 0.58
2.96 0.58
2.98 0.58
3 0.58
3.02 0.58
3.04 0.58
-0.04 0.6
-0.02 0.6
0 0.6
0.02 0.6
0.04 0.6
0.06 0.6
0.08 0.6
0.1 0.6
0.12 0.6
0.14 0.6
0.16 0.6
0.18 0.6
0.2 0.6
0.22 0.6
0.24 0.6
0.26 0.6
0.28 0.6
0.3 0.6
0.32 0.6
0.34 0.6
0.36 0.6
0.38 0.6
0.4 0.6
0.42 0.6
0.44 0.6
0.46 0.6
0.48 0.6
0.5 0.6
0.52 0.6
0.54 0.6
0.56 0.6
0.58 0.6
0.6 0.6
0.62 0.6
0.64 0.6
0.66 0.6
0.68 0.6
0.7 0.6
0.72 0.6
0.74 0.6
0.76 0.6
0.78 0.6
0.8 0.6
0.82 0.6
0.84 0.6
0.86 0.6
0.88 0.6
0.9 0.6
0.92 0.6
0.94 0.6
0.96 0.6
0.98 0.6
1 0.6
1.02 0.603256
1.04 0.606358
1.06 0.60931
1.08 0.612114
1.1 0.614773
1.12 0.617289
1.14 0.619664
1.16 0.6219
1.18 0.624
1.2 0.625964
1.22 0.627795
1.24 0.629494
1.26 0.631062
1.28 0.6325
1.3 0.633809
1.32 0.634991
1.34 0.636047
1.36 0.636976
1.38 0.63778
1.4 0.638459
1.42 0.639014
1.44 0.639446
1.46 0.639754
1.48 0.639938
1.5 0.64
1.52 0.639938
1.54 0.639754
1.56 0.639446
1.58 0.639014
1.6 0.638459
1.62 0.63778
1.64 0.636976
1.66 0.636047
1.68 0.634991
1.7 0.633809
1.72 0.6325
1.74 0.631062
1.76 0.629494
1.78 0.627795
1.8 0.625964
1.82 0.624
1.84 0.6219
1.86 0.619664
1.88 0.617289
1.9 0.614773
1.92 0.612114
1.94 0.60931
1.96 0.606358
1.98 0.603256
2 0.6
2.02 0.6
2.04 0.6
2.06 0.6
2.08 0.6
2.1 0.6
2.12 0.6
2.14 0.6
2.16 0.6
2.18 0.6
2.2 0.6
2.22 0.6
2.24 0.6
2.26 0.6
2.28 0.6
2.3 0.6
2.32 0.6
2.34 0.6
2.36 0.6
2.38 0.6
2.4 0.6
2.42 0.6
2.44 0.6
2.46 0.6
2.48 0.6
2.5 0.6
2.52 0.6
2.54 0.6
2.56 0.6
2.58 0.6
2.6 0.6
2.62 0.6
2.64 0.6
2.66 0.6
2.68 0.6
2.7 0.6
2.72 0.6
2.74 0.6
2.76 0.6
2.78 0.6
2.8 0.6
2.82 0.6
2.84 0.6
2.86 0.6
2.88 0.6
2.9 0.6
2.92 0.6
2.94 0.6
2.96 0.6
2.98 0.6
3 0.6
3.02 0.6
3.04 0.6
-0.04 0.62
-0.02 0.62
0 0.62
0.02 0.62
0.04 0.62
0.06 0.62
0.08 0.62
0.1 0.62
0.12 0.62
0.14 0.62
0.16 0.62
0.18 0.62
0.2 0.62
0.22 0.62
0.24 0.62
0.26 0.62
0.28 0.62
0.3 0.62
0.32 0.62
0.34 0.62
0.36 0.62
0.38 0.62
0.4 0.62
0.42 0.62
0.44 0.62
0.46 0.62
0.48 0.62
0.5 0.62
0.52 0.62
0.54 0.62
0.56 0.62
0.58 0.62
0.6 0.62
0.62 0.62
0.64 0.62
0.66 0.62
0.68 0.62
0.7 0.62
0.72 0.62
0.74 0.62
0.76 0.62
0.78 0.62
0.8 0.62
0.82 0.62
0.84 0.62
0.86 0.62
0.88 0.62
0.9 0.62
0.92 0.62
0.94 0.62
0.96 0.62
0.98 0.62
1 0.62
1.02 0.623093
1.04 0.62604
1.06 0.628844
1.08 0.631508
1.1 0.634034
1.12 0.636424
1.14 0.638681
1.16 0.640805
1.18 0.6428
1.2 0.644666
1.22 0.646405
1.24 0.648019
1.26 0.649509
1.28 0.650875
1.3 0.652119
1.32 0.653242
1.34 0.654244
1.36 0.655127
1.38 0.655891
1.4 0.656536
1.42 0.657064
1.44 0.657474
1.46 0.657766
1.48 0.657942
1.5 0.658
1.52 0.657942
1.54 0.657766
1.56 0.657474
1.58 0.657064
1.6 0.656536
1.62 0.655891
1.64 0.655127
1.66 0.654244
1.68 0.653242
1.7 0.652119
1.72 0.650875
1.74 0.649509
1.76 0.648019
1.78 0.646405
1.8 0.644666
1.82 0.6428
1.84 0.640805
1.86 0.638681
1.88 0.636424
1.9 0.634034
1.92 0.631508
1.94 0.628844
1.96 0.62604
1.98 0.623093
2 0.62
2.02 0.62
2.04 0.62
2.06 0.62
2.08 0.62
2.1 0.62
2.12 0.62
2.14 0.62
2.16 0.62
2.18 0.62
2.2 0.62
2.22 0.62
2.24 0.62
2.26 0.62
2.28 0.62
2.3 0.62
2.32 0.62
2.34 0.62
2.36 0.62
2.38 0.62
2.4 0.62
2.42 0.62
2.44 0.62
2.46 0.62
2.48 0.62
2.5 0.62
2.52 0.62
2.54 0.62
2.56 0.62
2.58 0.62
2.6 0.62
2.62 0.62
2.64 0.62
2.66 0.62
2.68 0.62
2.7 0.62
2.72 0.62
2.74 0.62
2.76 0.62
2.78 0.62
2.8 0.62
2.82 0.62
2.84 0.62
2.86 0.62
2.88 0.62
2.9 0.62
2.92 0.62
2.94 0.62
2.96 0.62
2.98 0.62
3 0.62
3.02 0.62
3.04 0.62
-0.04 0.64
-0.02 0.64
0 0.64
0.02 0.64
0.04 0.64
0.06 0.64
0.08 0.64
0.1 0.64
0.12 0.64
0.14 0.64
0.16 0.64
0.18 0.64
0.2 0.64
0.22 0.64
0.24 0.64
0.26 0.64
0.28 0.64
0.3 0.64
0.32 0.64
0.34 0.64
0.36 0.64
0.38 0.64
0.4 0.64
0.42 0.64
0.44 0.64
0.46 0.64
0.48 0.64
0.5 0.64
0.52 0.64
0.54 0.64
0.56 0.64
0.58 0.64
0.6 0.64
0.62 0.64
0.64 0.64
0.66 0.64
0.68 0.64
0.7 0.64
0.72 0.64
0.74 0.64
0.76 0.64
0.78 0.64
0.8 0.64
0.82 0.64
0.84 0.64
0.86 0.64
0.88 0.64
0.9 0.64
0.92 0.64
0.94 0.64
0.96 0.64
0.98 0.64
1 0.64
1.02 0.64293
1.04 0.645722
1.06 0.648379
1.08 0.650902
1.1 0.653295
1.12 0.65556
1.14 0.657697
1.16 0.65971
1.18 0.6616
1.2 0.663368
1.22 0.665016
1.24 0.666544
1.26 0.667955
1.28 0.66925
1.3 0.670428
1.32 0.671492
1.34 0.672442
1.36 0.673278
1.38 0.674002
1.4 0.674613
1.42 0.675113
1.44 0.675501
1.46 0.675778
1.48 0.675945
1.5 0.676
1.52 0.675945
1.54 0.675778
1.56 0.675501
1.58 0.675113
1.6 0.674613
1.62 0.674002
1.64 0.673278
1.66 0.672442
1.68 0.671492
1.7 0.670428
1.72 0.66925
1.74 0.667955
1.76 0.666544
1.78 0.665016
1.8 0.663368
1.82 0.6616
1.84 0.65971
1.86 0.657697
1.88 0.65556
1.9 0.653295
1.92 0.650902
1.94 0.648379
1.96 0.645722
1.98 0.64293
2 0.64
2.02 0.64
2.04 0.64
2.06 0.64
2.08 0.64
2.1 0.64
2.12 0.64
2.14 0.64
2.16 0.64
2.18 0.64
2.2 0.64
2.22 0.64
2.24 0.64
2.26 0.64
2.28 0.64
2.3 0.64
2.32 0.64
2.34 0.64
2.36 0.64
2.38 0.64
2.4 0.64
2.42 0.64
2.44 0.64
2.46 0.64
2.48 0.64
2.5 0.64
2.52 0.64
2.54 0.64
2.56 0.64
2.58 0.64
2.6 0.64
2.62 0.64
2.64 0.64
2.66 0.64
2.68 0.64
2.7 0.64
2.72 0.64
2.74 0.64
2.76 0.64
2.78 0.64
2.8 0.64
2.82 0.64
2.84 0.64
2.86 0.64
2.88 0.64
2.9 0.64
2.92 0.64
2.94 0.64
2.96 0.64
2.98 0.64
3 0.64
3.02 0.64
3.04 0.64
-0.04 0.66
-0.02 0.66
0 0.66
0.02 0.66
0.04 0.66
0.06 0.66
0.08 0.66
0.1 0.66
0.12 0.66
0.14 0.66
0.16 0.66
0.18 0.66
0.2 0.66
0.22 0.66
0.24 0.66
0.26 0.66
0.28 0.66
0.3 0.66
0.32 0.66
0.34 0.66
0.36 0.66
0.38 0.66
0.4 0.66
0.42 0.66
0.44 0.66
0.46 0.66
0.48 0.66
0.5 0.66
0.52 0.66
0.54 0.66
0.56 0.66
0.58 0.66
0.6 0.66
0.62 0.66
0.64 0.66
0.66 0.66
0.68 0.66
0.7 0.66
0.72 0.66
0.74 0.66
0.76 0.66
0.78 0.66
0.8 0.66
0.82 0.66
0.84 0.66
0.86 0.66
0.88 0.66
0.9 0.66
0.92 0.66
0.94 0.66
0.96 0.66
0.98 0.66
1 0.66
1.02 0.662767
1.04 0.665404
1.06 0.667913
1.08 0.670297
1.1 0.672557
1.12 0.674695
1.14 0.676714
1.16 0.678615
1.18 0.6804
1.2 0.68207
1.22 0.683626
1.24 0.68507
1.26 0.686402
1.28 0.687625
1.3 0.688738
1.32 0.689743
1.34 0.69064
1.36 0.691429
1.38 0.692113
1.4 0.69269
1.42 0.693162
1.44 0.693529
1.46 0.693791
1.48 0.693948
1.5 0.694
1.52 0.693948
1.54 0.693791
1.56 0.693529
1.58 0.693162
1.6 0.69269
1.62 0.692113
1.64 0.691429
1.66 0.69064
1.68 0.689743
1.7 0.688738
1.72 0.687625
1.74 0.686402
1.76 0.68507
1.78 0.683626
1.8 0.68207
1.82 0.6804
1.84 0.678615
1.86 0.676714
1.88 0.674695
1.9 0.672557
1.92 0.670297
1.94 0.667913
1.96 0.665404
1.98 0.662767
2 0.66
2.02 0.66
2.04 0.66
2.06 0.66
2.08 0.66
2.1 0.66
2.12 0.66
2.14 0.66
2.16 0.66
2.18 0.66
2.2 0.66
2.22 0.66
2.24 0.66
2.26 0.66
2.28 0.66
2.3 0.66
2.32 0.66
2.34 0.66
2.36 0.66
2.38 0.66
2.4 0.66
2.42 0.66
2.44 0.66
2.46 0.66
2.48 0.66
2.5 0.66
2.52 0.66
2.54 0.66
2.56 0.66
2.58 0.66
2.6 0.66
2.62 0.66
2.64 0.66
2.66 0.66
2.68 0.66
2.7 0.66
2.72 0.66
2.74 0.66
2.76 0.66
2.78 0.66
2.8 0.66
2.82 0.66
2.84 0.66
2.86 0.66
2.88 0.66
2.9 0.66
2.92 0.66
2.94 0.66
2.96 0.66
2.98 0.66
3 0.66
3.02 0.66
3.04 0.66
-0.04 0.68
-0.02 0.68
0 0.68
0.02 0.68
0.04 0.68
0.06 0.68
0.08 0.68
0.1 0.68
0.12 0.68
0.14 0.68
0.16 0.68
0.18 0.68
0.2 0.68
0.22 0.68
0.24 0.68
0.26 0.68
0.28 0.68
0.3 0.68
0.32 0.68
0.34 0.68
0.36 0.68
0.38 0.68
0.4 0.68
0.42 0.68
0.44 0.68
0.46 0.68
0.48 0.68
0.5 0.68
0.52 0.68
0.54 0.68
0.56 0.68
0.58 0.68
0.6 0.68
0.62 0.68
0.64 0.68
0.66 0.68
0.68 0.68
0.7 0.68
0.72 0.68
0.74 0.68
0.76 0.68
0.78 0.68
0.8 0.68
0.82 0.68
0.84 0.68
0.86 0.68
0.88 0.68
0.9 0.68
0.92 0.68
0.94 0.68
0.96 0.68
0.98 0.68
1 0.68
1.02 0.682605
1.04 0.685086
1.06 0.687448
1.08 0.689691
1.1 0.691818
1.12 0.693831
1.14 0.695731
1.16 0.69752
1.18 0.6992
1.2 0.700772
1.22 0.702236
1.24 0.703595
1.26 0.704849
1.28 0.706
1.3 0.707047
1.32 0.707993
1.34 0.708837
1.36 0.709581
1.38 0.710224
1.4 0.710767
1.42 0.711212
1.44 0.711557
1.46 0.711803
1.48 0.711951
1.5 0.712
1.52 0.711951
1.54 0.711803
1.56 0.711557
1.58 0.711212
1.6 0.710767
1.62 0.710224
1.64 0.709581
1.66 0.708837
1.68 0.707993
1.7 0.707047
1.72 0.706
1.74 0.704849
1.76 0.703595
1.78 0.702236
1.8 0.700772
1.82 0.6992
1.84 0.69752
1.86 0.695731
1.88 0.693831
1.9 0.691818
1.92 0.689691
1.94 0.687448
1.96 0.685086
1.98 0.682605
2 0.68
2.02 0.68
2.04 0.68
2.06 0.68
2.08 0.68
2.1 0.68
2.12 0.68
2.14 0.68
2.16 0.68
2.18 0.68
2.2 0.68
2.22 0.68
2.24 0.68
2.26 0.68
2.28 0.68
2.3 0.68
2.32 0.68
2.34 0.68
2.36 0.68
2.38 0.68
2.4 0.68
2.42 0.68
2.44 0.68
2.46 0.68
2.48 0.68
2.5 0.68
2.52 0.68
2.54 0.68
2.56 0.68
2.58 0.68
2.6 0.68
2.62 0.68
2.64 0.68
2.66 0.68
2.68 0.68
2.7 0.68
2.72 0.68
2.74 0.68
2.76 0.68
2.78 0.68
2.8 0.68
2.82 0.68
2.84 0.68
2.86 0.68
2.88 0.68
2.9 0.68
2.92 0.68
2.94 0.68
2.96 0.68
2.98 0.68
3 0.68
3.02 0.68
3.04 0.68
-0.04 0.7
-0.02 0.7
0 0.7
0.02 0.7
0.04 0.7
0.06 0.7
0.08 0.7
0.1 0.7
0.12 0.7
0.14 0.7
0.16 0.7
0.18 0.7
0.2 0.7
0.22 0.7
0.24 0.7
0.26 0.7
0.28 0.7
0.3 0.7
0.32 0.7
0.34 0.7
0.36 0.7
0.38 0.7
0.4 0.7
0.42 0.7
0.44 0.7
0.46 0.7
0.48 0.7
0.5 0.7
0.52 0.7
0.54 0.7
0.56 0.7
0.58 0.7
0.6 0.7
0.62 0.7
0.64 0.7
0.66 0.7
0.68 0.7
0.7 0.7
0.72 0.7
0.74 0.7
0.76 0.7
0.78 0.7
0.8 0.7
0.82 0.7
0.84 0.7
0.86 0.7
0.88 0.7
0.9 0.7
0.92 0.7
0.94 0.7
0.96 0.7
0.98 0.7
1 0.7
1.02 0.702442
1.04 0.704768
1.06 0.706982
1.08 0.709085
1.1 0.71108
1.12 0.712966
1.14 0.714748
1.16 0.716425
1.18 0.718
1.2 0.719473
1.22 0.720846
1.24 0.72212
1.26 0.723296
1.28 0.724375
1.3 0.725357
1.32 0.726243
1.34 0.727035
1.36 0.727732
1.38 0.728335
1.4 0.728844
1.42 0.729261
1.44 0.729584
1.46 0.729815
1.48 0.729954
1.5 0.73
1.52 0.729954
1.54 0.729815
1.56 0.729584
1.58 0.729261
1.6 0.728844
1.62 0.728335
1.64 0.727732
1.66 0.727035
1.68 0.726243
1.7 0.725357
1.72 0.724375
1.74 0.723296
1.76 0.72212
1.78 0.720846
1.8 0.719473
1.82 0.718
1.84 0.716425
1.86 0.714748
1.88 0.712966
1.9 0.71108
1.92 0.709085
1.94 0.706982
1.96 0.704768
1.98 0.702442
2 0.7
2.02 0.7
2.04 0.7
2.06 0.7
2.08 0.7
2.1 0.7
2.12 0.7
2.14 0.7
2.16 0.7
2.18 0.7
2.2 0.7
2.22 0.7
2.24 0.7
2.26 0.7
2.28 0.7
2.3 0.7
2.32 0.7
2.34 0.7
2.36 0.7
2.38 0.7
2.4 0.7
2.42 0.7
2.44 0.7
2.46 0.7
2.48 0.7
2.5 0.7
2.52 0.7
2.54 0.7
2.56 0.7
2.58 0.7
2.6 0.7
2.62 0.7
2.64 0.7
2.66 0.7
2.68 0.7
2.7 0.7
2.72 0.7
2.74 0.7
2.76 0.7
2.78 0.7
2.8 0.7
2.82 0.7
2.84 0.7
2.86 0.7
2.88 0.7
2.9 0.7
2.92 0.7
2.94 0.7
2.96 0.7
2.98 0.7
3 0.7
3.02 0.7
3.04 0.7
-0.04 0.72
-0.02 0.72
0 0.72
0.02 0.72
0.04 0.72
0.06 0.72
0.08 0.72
0.1 0.72
0.12 0.72
0.14 0.72
0.16 0.72
0.18 0.72
0.2 0.72
0.22 0.72
0.24 0.72
0.26 0.72
0.28 0.72
0.3 0.72
0.32 0.72
0.34 0.72
0.36 0.72
0.38 0.72
0.4 0.72
0.42 0.72
0.44 0.72
0.46 0.72
0.48 0.72
0.5 0.72
0.52 0.72
0.54 0.72
0.56 0.72
0.58 0.72
0.6 0.72
0.62 0.72
0.64 0.72
0.66 0.72
0.68 0.72
0.7 0.72
0.72 0.72
0.74 0.72
0.76 0.72
0.78 0.72
0.8 0.72
0.82 0.72
0.84 0.72
0.86 0.72
0.88 0.72
0.9 0.72
0.92 0.72
0.94 0.72
0.96 0.72
0.98 0.72
1 0.72
1.02 0.722279
1.04 0.724451
1.06 0.726517
1.08 0.72848
1.1 0.730341
1.12 0.732102
1.14 0.733765
1.16 0.73533
1.18 0.7368
1.2 0.738175
1.22 0.739457
1.24 0.740646
1.26 0.741743
1.28 0.74275
1.3 0.743667
1.32 0.744494
1.34 0.745233
1.36 0.745883
1.38 0.746446
1.4 0.746921
1.42 0.74731
1.44 0.747612
1.46 0.747828
1.48 0.747957
1.5 0.748
1.52 0.747957
1.54 0.747828
1.56 0.747612
1.58 0.74731
1.6 0.746921
1.62 0.746446
1.64 0.745883
1.66 0.745233
1.68 0.744494
1.7 0.743667
1.72 0.74275
1.74 0.741743
1.76 0.740646
1.78 0.739457
1.8 0.738175
1.82 0.7368
1.84 0.73533
1.86 0.733765
1.88 0.732102
1.9 0.730341
1.92 0.72848
1.94 0.726517
1.96 0.724451
1.98 0.722279
2 0.72
2.02 0.72
2.04 0.72
2.06 0.72
2.08 0.72
2.1 0.72
2.12 0.72
2.14 0.72
2.16 0.72
2.18 0.72
2.2 0.72
2.22 0.72
2.24 0.72
2.26 0.72
2.28 0.72
2.3 0.72
2.32 0.72
2.34 0.72
2.36 0.72
2.38 0.72
2.4 0.72
2.42 0.72
2.44 0.72
2.46 0.72
2.48 0.72
2.5 0.72
2.52 0.72
2.54 0.72
2.56 0.72
2.58 0.72
2.6 0.72
2.62 0.72
2.64 0.72
2.66 0.72
2.68 0.72
2.7 0.72
2.72 0.72
2.74 0.72
2.76 0.72
2.78 0.72
2.8 0.72
2.82 0.72
2.84 0.72
2.86 0.72
2.88 0.72
2.9 0.72
2.92 0.72
2.94 0.72
2.96 0.72
2.98 0.72
3 0.72
3.02 0.72
3.04 0.72
-0.04 0.74
-0.02 0.74
0 0.74
0.02 0.74
0.04 0.74
0.06 0.74
0.08 0.74
0.1 0.74
0.12 0.74
0.14 0.74
0.16 0.74
0.18 0.74
0.2 0.74
0.22 0.74
0.24 0.74
0.26 0.74
0.28 0.74
0.3 0.74
0.32 0.74
0.34 0.74
0.36 0.74
0.38 0.74
0.4 0.74
0.42 0.74
0.44 0.74
0.46 0.74
0.48 0.74
0.5 0.74
0.52 0.74
0.54 0.74
0.56 0.74
0.58 0.74
0.6 0.74
0.62 0.74
0.64 0.74
0.66 0.74
0.68 0.74
0.7 0.74
0.72 0.74
0.74 0.74
0.76 0.74
0.78 0.74
0.8 0.74
0.82 0.74
0.84 0.74
0.86 0.74
0.88 0.74
0.9 0.74
0.92 0.74
0.94 0.74
0.96 0.74
0.98 0.74
1 0.74
1.02 0.742116
1.04 0.744133
1.06 0.746051
1.08 0.747874
1.1 0.749602
1.12 0.751238
1.14 0.752782
1.16 0.754235
1.18 0.7556
1.2 0.756877
1.22 0.758067
1.24 0.759171
1.26 0.76019
1.28 0.761125
1.3 0.761976
1.32 0.762744
1.34 0.76343
1.36 0.764034
1.38 0.764557
1.4 0.764999
1.42 0.765359
1.44 0.76564
1.46 0.76584
1.48 0.76596
1.5 0.766
1.52 0.76596
1.54 0.76584
1.56 0.76564
1.58 0.765359
1.6 0.764999
1.62 0.764557
1.64 0.764034
1.66 0.76343
1.68 0.762744
1.7 0.761976
1.72 0.761125
1.74 0.76019
1.76 0.759171
1.78 0.758067
1.8 0.756877
1.82 0.7556
1.84 0.754235
1.86 0.752782
1.88 0.751238
1.9 0.749602
1.92 0.747874
1.94 0.746051
1.96 0.744133
1.98 0.742116
2 0.74
2.02 0.74
2.04 0.74
2.06 0.74
2.08 0.74
2.1 0.74
2.12 0.74
2.14 0.74
2.16 0.74
2.18 0.74
2.2 0.74
2.22 0.74
2.24 0.74
2.26 0.74
2.28 0.74
2.3 0.74
2.32 0.74
2.34 0.74
2.36 0.74
2.38 0.74
2.4 0.74
2.42 0.74
2.44 0.74
2.46 0.74
2.48 0.74
2.5 0.74
2.52 0.74
2.54 0.74
2.56 0.74
2.58 0.74
2.6 0.74
2.62 0.74
2.64 0.74
2.66 0.74
2.68 0.74
2.7 0.74
2.72 0.74
2.74 0.74
2.76 0.74
2.78 0.74
2.8 0.74
2.82 0.74
2.84 0.74
2.86 0.74
2.88 0.74
2.9 0.74
2.92 0.74
2.94 0.74
2.96 0.74
2.98 0.74
3 0.74
3.02 0.74
3.04 0.74
-0.04 0.76
-0.02 0.76
0 0.76
0.02 0.76
0.04 0.76
0.06 0.76
0.08 0.76
0.1 0.76
0.12 0.76
0.14 0.76
0.16 0.76
0.18 0.76
0.2 0.76
0.22 0.76
0.24 0.76
0.26 0.76
0.28 0.76
0.3 0.76
0.32 0.76
0.34 0.76
0.36 0.76
0.38 0.76
0.4 0.76
0.42 0.76
0.44 0.76
0.46 0.76
0.48 0.76
0.5 0.76
0.52 0.76
0.54 0.76
0.56 0.76
0.58 0.76
0.6 0.76
0.62 0.76
0.64 0.76
0.66 0.76
0.68 0.76
0.7 0.76
0.72 0.76
0.74 0.76
0.76 0.76
0.78 0.76
0.8 0.76
0.82 0.76
0.84 0.76
0.86 0.76
0.88 0.76
0.9 0.76
0.92 0.76
0.94 0.76
0.96 0.76
0.98 0.76
1 0.76
1.02 0.761953
1.04 0.763815
1.06 0.765586
1.08 0.767268
1.1 0.768864
1.12 0.770373
1.14 0.771798
1.16 0.77314
1.18 0.7744
1.2 0.775579
1.22 0.776677
1.24 0.777696
1.26 0.778637
1.28 0.7795
1.3 0.780286
1.32 0.780995
1.34 0.781628
1.36 0.782185
1.38 0.782668
1.4 0.783076
1.42 0.783409
1.44 0.783668
1.46 0.783852
1.48 0.783963
1.5 0.784
1.52 0.783963
1.54 0.783852
1.56 0.783668
1.58 0.783409
1.6 0.783076
1.62 0.782668
1.64 0.782185
1.66 0.781628
1.68 0.780995
1.7 0.780286
1.72 0.7795
1.74 0.778637
1.76 0.777696
1.78 0.776677
1.8 0.775579
1.82 0.7744
1.84 0.77314
1.86 0.771798
1.88 0.770373
1.9 0.768864
1.92 0.767268
1.94 0.765586
1.96 0.763815
1.98 0.761953
2 0.76
2.02 0.76
2.04 0.76
2.06 0.76
2.08 0.76
2.1 0.76
2.12 0.76
2.14 0.76
2.16 0.76
2.18 0.76
2.2 0.76
2.22 0.76
2.24 0.76
2.26 0.76
2.28 0.76
2.3 0.76
2.32 0.76
2.34 0.76
2.36 0.76
2.38 0.76
2.4 0.76
2.42 0.76
2.44 0.76
2.46 0.76
2.48 0.76
2.5 0.76
2.52 0.76
2.54 0.76
2.56 0.76
2.58 0.76
2.6 0.76
2.62 0.76
2.64 0.76
2.66 0.76
2.68 0.76
2.7 0.76
2.72 0.76
2.74 0.76
2.76 0.76
2.78 0.76
2.8 0.76
2.82 0.76
2.84 0.76
2.86 0.76
2.88 0.76
2.9 0.76
2.92 0.76
2.94 0.76
2.96 0.76
2.98 0.76
3 0.76
3.02 0.76
3.04 0.76
-0.04 0.78
-0.02 0.78
0 0.78
0.02 0.78
0.04 0.78
0.06 0.78
0.08 0.78
0.1 0.78
0.12 0.78
0.14 0.78
0.16 0.78
0.18 0.78
0.2 0.78
0.22 0.78
0.24 0.78
0.26 0.78
0.28 0.78
0.3 0.78
0.32 0.78
0.34 0.78
0.36 0.78
0.38 0.78
0.4 0.78
0.42 0.78
0.44 0.78
0.46 0.78
0.48 0.78
0.5 0.78
0.52 0.78
0.54 0.78
0.56 0.78
0.58 0.78
0.6 0.78
0.62 0.78
0.64 0.78
0.66 0.78
0.68 0.78
0.7 0.78
0.72 0.78
0.74 0.78
0.76 0.78
0.78 0.78
0.8 0.78
0.82 0.78
0.84 0.78
0.86 0.78
0.88 0.78
0.9 0.78
0.92 0.78
0.94 0.78
0.96 0.78
0.98 0.78
1 0.78
1.02 0.781791
1.04 0.783497
1.06 0.78512
1.08 0.786663
1.1 0.788125
1.12 0.789509
1.14 0.790815
1.16 0.792045
1.18 0.7932
1.2 0.79428
1.22 0.795287
1.24 0.796222
1.26 0.797084
1.28 0.797875
1.3 0.798595
1.32 0.799245
1.34 0.799826
1.36 0.800337
1.38 0.800779
1.4 0.801153
1.42 0.801458
1.44 0.801695
1.46 0.801865
1.48 0.801966
1.5 0.802
1.52 0.801966
1.54 0.801865
1.56 0.801695
1.58 0.801458
1.6 0.801153
1.62 0.800779
1.64 0.800337
1.66 0.799826
1.68 0.799245
1.7 0.798595
1.72 0.797875
1.74 0.797084
1.76 0.796222
1.78 0.795287
1.8 0.79428
1.82 0.7932
1.84 0.792045
1.86 0.790815
1.88 0.789509
1.9 0.788125
1.92 0.786663
1.94 0.78512
1.96 0.783497
1.98 0.781791
2 0.78
2.02 0.78
2.04 0.78
2.06 0.78
2.08 0.78
2.1 0.78
2.12 0.78
2.14 0.78
2.16 0.78
2.18 0.78
2.2 0.78
2.22 0.78
2.24 0.78
2.26 0.78
2.28 0.78
2.3 0.78
2.32 0.78
2.34 0.78
2.36 0.78
2.38 0.78
2.4 0.78
2.42 0.78
2.44 0.78
2.46 0.78
2.48 0.78
2.5 0.78
2.52 0.78
2.54 0.78
2.56 0.78
2.58 0.78
2.6 0.78
2.62 0.78
2.64 0.78
2.66 0.78
2.68 0.78
2.7 0.78
2.72 0.78
2.74 0.78
2.76 0.78
2.78 0.78
2.8 0.78
2.82 0.78
2.84 0.78
2.86 0.78
2.88 0.78
2.9 0.78
2.92 0.78
2.94 0.78
2.96 0.78
2.98 0.78
3 0.78
3.02 0.78
3.04 0.78
-0.04 0.8
-0.02 0.8
0 0.8
0.02 0.8
0.04 0.8
0.06 0.8
0.08 0.8
0.1 0.8
0.12 0.8
0.14 0.8
0.16 0.8
0.18 0.8
0.2 0.8
0.22 0.8
0.24 0.8
0.26 0.8
0.28 0.8
0.3 0.8
0.32 0.8
0.34 0.8
0.36 0.8
0.38 0.8
0.4 0.8
0.42 0.8
0.44 0.8
0.46 0.8
0.48 0.8
0.5 0.8
0.52 0.8
0.54 0.8
0.56 0.8
0.58 0.8
0.6 0.8
0.62 0.8
0.64 0.8
0.66 0.8
0.68 0.8
0.7 0.8
0.72 0.8
0.74 0.8
0.76 0.8
0.78 0.8
0.8 0.8
0.82 0.8
0.84 0.8
0.86 0.8
0.88 0.8
0.9 0.8
0.92 0.8
0.94 0.8
0.96 0.8
0.98 0.8
1 0.8
1.02 0.801628
1.04 0.803179
1.06 0.804655
1.08 0.806057
1.1 0.807386
1.12 0.808644
1.14 0.809832
1.16 0.81095
1.18 0.812
1.2 0.812982
1.22 0.813898
1.24 0.814747
1.26 0.815531
1.28 0.81625
1.3 0.816905
1.32 0.817496
1.34 0.818023
1.36 0.818488
1.38 0.81889
1.4 0.81923
1.42 0.819507
1.44 0.819723
1.46 0.819877
1.48 0.819969
1.5 0.82
1.52 0.819969
1.54 0.819877
1.56 0.819723
1.58 0.819507
1.6 0.81923
1.62 0.81889
1.64 0.818488
1.66 0.818023
1.68 0.817496
1.7 0.816905
1.72 0.81625
1.74 0.815531
1.76 0.814747
1.78 0.813898
1.8 0.812982
1.82 0.812
1.84 0.81095
1.86 0.809832
1.88 0.808644
1.9 0.807386
1.92 0.806057
1.94 0.804655
1.96 0.803179
1.98 0.801628
2 0.8
2.02 0.8
2.04 0.8
2.06 0.8
2.08 0.8
2.1 0.8
2.12 0.8
2.14 0.8
2.16 0.8
2.18 0.8
2.2 0.8
2.22 0.8
2.24 0.8
2.26 0.8
2.28 0.8
2.3 0.8
2.32 0.8
2.34 0.8
2.36 0.8
2.38 0.8
2.4 0.8
2.42 0.8
2.44 0.8
2.46 0.8
2.48 0.8
2.5 0.8
2.52 0.8
2.54 0.8
2.56 0.8
2.58 0.8
2.6 0.8
2.62 0.8
2.64 0.8
2.66 0.8
2.68 0.8
2.7 0.8
2.72 0.8
2.74 0.8
2.76 0.8
2.78 0.8
2.8 0.8
2.82 0.8
2.84 0.8
2.86 0.8
2.88 0.8
2.9 0.8
2.92 0.8
2.94 0.8
2.96 0.8
2.98 0.8
3 0.8
3.02 0.8
3.04 0.8
-0.04 0.82
-0.02 0.82
0 0.82
0.02 0.82
0.04 0.82
0.06 0.82
0.08 0.82
0.1 0.82
0.12 0.82
0.14 0.82
0.16 0.82
0.18 0.82
0.2 0.82
0.22 0.82
0.24 0.82
0.26 0.82
0.28 0.82
0.3 0.82
0.32 0.82
0.34 0.82
0.36 0.82
0.38 0.82
0.4 0.82
0.42 0.82
0.44 0.82
0.46 0.82
0.48 0.82
0.5 0.82
0.52 0.82
0.54 0.82
0.56 0.82
0.58 0.82
0.6 0.82
0.62 0.82
0.64 0.82
0.66 0.82
0.68 0.82
0.7 0.82
0.72 0.82
0.74 0.82
0.76 0.82
0.78 0.82
0.8 0.82
0.82 0.82
0.84 0.82
0.86 0.82
0.88 0.82
0.9 0.82
0.92 0.82
0.94 0.82
0.96 0.82
0.98 0.82
1 0.82
1.02 0.821465
1.04 0.822861
1.06 0.824189
1.08 0.825451
1.1 0.826648
1.12 0.82778
1.14 0.828849
1.16 0.829855
1.18 0.8308
1.2 0.831684
1.22 0.832508
1.24 0.833272
1.26 0.833978
1.28 0.834625
1.3 0.835214
1.32 0.835746
1.34 0.836221
1.36 0.836639
1.38 0.837001
1.4 0.837307
1.42 0.837557
1.44 0.837751
1.46 0.837889
1.48 0.837972
1.5 0.838
1.52 0.837972
1.54 0.837889
1.56 0.837751
1.58 0.837557
1.6 0.837307
1.62 0.837001
1.64 0.836639
1.66 0.836221
1.68 0.835746
1.7 0.835214
1.72 0.834625
1.74 0.833978
1.76 0.833272
1.78 0.832508
1.8 0.831684
1.82 0.8308
1.84 0.829855
1.86 0.828849
1.88 0.82778
1.9 0.826648
1.92 0.825451
1.94 0.824189
1.96 0.822861
1.98 0.821465
2 0.82
2.02 0.82
2.04 0.82
2.06 0.82
2.08 0.82
2.1 0.82
2.12 0.82
2.14 0.82
2.16 0.82
2.18 0.82
2.2 0.82
2.22 0.82
2.24 0.82
2.26 0.82
2.28 0.82
2.3 0.82
2.32 0.82
2.34 0.82
2.36 0.82
2.38 0.82
2.4 0.82
2.42 0.82
2.44 0.82
2.46 0.82
2.48 0.82
2.5 0.82
2.52 0.82
2.54 0.82
2.56 0.82
2.58 0.82
2.6 0.82
2.62 0.82
2.64 0.82
2.66 0.82
2.68 0.82
2.7 0.82
2.72 0.82
2.74 0.82
2.76 0.82
2.78 0.82
2.8 0.82
2.82 0.82
2.84 0.82
2.86 0.82
2.88 0.82
2.9 0.82
2.92 0.82
2.94 0.82
2.96 0.82
2.98 0.82
3 0.82
3.02 0.82
3.04 0.82
-0.04 0.84
-0.02 0.84
0 0.84
0.02 0.84
0.04 0.84
0.06 0.84
0.08 0.84
0.1 0.84
0.12 0.84
0.14 0.84
0.16 0.84
0.18 0.84
0.2 0.84
0.22 0.84
0.24 0.84
0.26 0.84
0.28 0.84
0.3 0.84
0.32 0.84
0.34 0.84
0.36 0.84
0.38 0.84
0.4 0.84
0.42 0.84
0.44 0.84
0.46 0.84
0.48 0.84
0.5 0.84
0.52 0.84
0.54 0.84
0.56 0.84
0.58 0.84
0.6 0.84
0.62 0.84
0.64 0.84
0.66 0.84
0.68 0.84
0.7 0.84
0.72 0.84
0.74 0.84
0.76 0.84
0.78 0.84
0.8 0.84
0.82 0.84
0.84 0.84
0.86 0.84
0.88 0.84
0.9 0.84
0.92 0.84
0.94 0.84
0.96 0.84
0.98 0.84
1 0.84
1.02 0.841302
1.04 0.842543
1.06 0.843724
1.08 0.844846
1.1 0.845909
1.12 0.846915
1.14 0.847866
1.16 0.84876
1.18 0.8496
1.2 0.850386
1.22 0.851118
1.24 0.851798
1.26 0.852425
1.28 0.853
1.3 0.853524
1.32 0.853997
1.34 0.854419
1.36 0.85479
1.38 0.855112
1.4 0.855384
1.42 0.855606
1.44 0.855778
1.46 0.855902
1.48 0.855975
1.5 0.856
1.52 0.855975
1.54 0.855902
1.56 0.855778
1.58 0.855606
1.6 0.855384
1.62 0.855112
1.64 0.85479
1.66 0.854419
1.68 0.853997
1.7 0.853524
1.72 0.853
1.74 0.852425
1.76 0.851798
1.78 0.851118
1.8 0.850386
1.82 0.8496
1.84 0.84876
1.86 0.847866
1.88 0.846915
1.9 0.845909
1.92 0.844846
1.94 0.843724
1.96 0.842543
1.98 0.841302
2 0.84
2.02 0.84
2.04 0.84
2.06 0.84
2.08 0.84
2.1 0.84
2.12 0.84
2.14 0.84
2.16 0.84
2.18 0.84
2.2 0.84
2.22 0.84
2.24 0.84
2.26 0.84
2.28 0.84
2.3 0.84
2.32 0.84
2.34 0.84
2.36 0.84
2.38 0.84
2.4 0.84
2.42 0.84
2.44 0.84
2.46 0.84
2.48 0.84
2.5 0.84
2.52 0.84
2.54 0.84
2.56 0.84
2.58 0.84
2.6 0.84
2.62 0.84
2.64 0.84
2.66 0.84
2.68 0.84
2.7 0.84
2.72 0.84
2.74 0.84
2.76 0.84
2.78 0.84
2.8 0.84
2.82 0.84
2.84 0.84
2.86 0.84
2.88 0.84
2.9 0.84
2.92 0.84
2.94 0.84
2.96 0.84
2.98 0.84
3 0.84
3.02 0.84
3.04 0.84
-0.04 0.86
-0.02 0.86
0 0.86
0.02 0.86
0.04 0.86
0.06 0.86
0.08 0.86
0.1 0.86
0.12 0.86
0.14 0.86
0.16 0.86
0.18 0.86
0.2 0.86
0.22 0.86
0.24 0.86
0.26 0.86
0.28 0.86
0.3 0.86
0.32 0.86
0.34 0.86
0.36 0.86
0.38 0.86
0.4 0.86
0.42 0.86
0.44 0.86
0.46 0.86
0.48 0.86
0.5 0.86
0.52 0.86
0.54 0.86
0.56 0.86
0.58 0.86
0.6 0.86
0.62 0.86
0.64 0.86
0.66 0.86
0.68 0.86
0.7 0.86
0.72 0.86
0.74 0.86
0.76 0.86
0.78 0.86
0.8 0.86
0.82 0.86
0.84 0.86
0.86 0.86
0.88 0.86
0.9 0.86
0.92 0.86
0.94 0.86
0.96 0.86
0.98 0.86
1 0.86
1.02 0.861139
1.04 0.862225
1.06 0.863258
1.08 0.86424
1.1 0.86517
1.12 0.866051
1.14 0.866882
1.16 0.867665
1.18 0.8684
1.2 0.869088
1.22 0.869728
1.24 0.870323
1.26 0.870872
1.28 0.871375
1.3 0.871833
1.32 0.872247
1.34 0.872616
1.36 0.872942
1.38 0.873223
1.4 0.873461
1.42 0.873655
1.44 0.873806
1.46 0.873914
1.48 0.873978
1.5 0.874
1.52 0.873978
1.54 0.873914
1.56 0.873806
1.58 0.873655
1.6 0.873461
1.62 0.873223
1.64 0.872942
1.66 0.872616
1.68 0.872247
1.7 0.871833
1.72 0.871375
1.74 0.870872
1.76 0.870323
1.78 0.869728
1.8 0.869088
1.82 0.8684
1.84 0.867665
1.86 0.866882
1.88 0.866051
1.9 0.86517
1.92 0.86424
1.94 0.863258
1.96 0.862225
1.98 0.861139
2 0.86
2.02 0.86
2.04 0.86
2.06 0.86
2.08 0.86
2.1 0.86
2.12 0.86
2.14 0.86
2.16 0.86
2.18 0.86
2.2 0.86
2.22 0.86
2.24 0.86
2.26 0.86
2.28 0.86
2.3 0.86
2.32 0.86
2.34 0.86
2.36 0.86
2.38 0.86
2.4 0.86
2.42 0.86
2.44 0.86
2.46 0.86
2.48 0.86
2.5 0.86
2.52 0.86
2.54 0.86
2.56 0.86
2.58 0.86
2.6 0.86
2.62 0.86
2.64 0.86
2.66 0.86
2.68 0.86
2.7 0.86
2.72 0.86
2.74 0.86
2.76 0.86
2.78 0.86
2.8 0.86
2.82 0.86
2.84 0.86
2.86 0.86
2.88 0.86
2.9 0.86
2.92 0.86
2.94 0.86
2.96 0.86
2.98 0.86
3 0.86
3.02 0.86
3.04 0.86
-0.04 0.88
-0.02 0.88
0 0.88
0.02 0.88
0.04 0.88
0.06 0.88
0.08 0.88
0.1 0.88
0.12 0.88
0.14 0.88
0.16 0.88
0.18 0.88
0.2 0.88
0.22 0.88
0.24 0.88
0.26 0.88
0.28 0.88
0.3 0.88
0.32 0.88
0.34 0.88
0.36 0.88
0.38 0.88
0.4 0.88
0.42 0.88
0.44 0.88
0.46 0.88
0.48 0.88
0.5 0.88
0.52 0.88
0.54 0.88
0.56 0.88
0.58 0.88
0.6 0.88
0.62 0.88
0.64 0.88
0.66 0.88
0.68 0.88
0.7 0.88
0.72 0.88
0.74 0.88
0.76 0.88
0.78 0.88
0.8 0.88
0.82 0.88
0.84 0.88
0.86 0.88
0.88 0.88
0.9 0.88
0.92 0.88
0.94 0.88
0.96 0.88
0.98 0.88
1 0.88
1.02 0.880977
1.04 0.881907
1.06 0.882793
1.08 0.883634
1.1 0.884432
1.12 0.885187
1.14 0.885899
1.16 0.88657
1.18 0.8872
1.2 0.887789
1.22 0.888339
1.24 0.888848
1.26 0.889318
1.28 0.88975
1.3 0.890143
1.32 0.890497
1.34 0.890814
1.36 0.891093
1.38 0.891334
1.4 0.891538
1.42 0.891704
1.44 0.891834
1.46 0.891926
1.48 0.891982
1.5 0.892
1.52 0.891982
1.54 0.891926
1.56 0.891834
1.58 0.891704
1.6 0.891538
1.62 0.891334
1.64 0.891093
1.66 0.890814
1.68 0.890497
1.7 0.890143
1.72 0.88975
1.74 0.889318
1.76 0.888848
1.78 0.888339
1.8 0.887789
1.82 0.8872
1.84 0.88657
1.86 0.885899
1.88 0.885187
1.9 0.884432
1.92 0.883634
1.94 0.882793
1.96 0.881907
1.98 0.880977
2 0.88
2.02 0.88
2.04 0.88
2.06 0.88
2.08 0.88
2.1 0.88
2.12 0.88
2.14 0.88
2.16 0.88
2.18 0.88
2.2 0.88
2.22 0.88
2.24 0.88
2.26 0.88
2.28 0.88
2.3 0.88
2.32 0.88
2.34 0.88
2.36 0.88
2.38 0.88
2.4 0.88
2.42 0.88
2.44 0.88
2.46 0.88
2.48 0.88
2.5 0.88
2.52 0.88
2.54 0.88
2.56 0.88
2.58 0.88
2.6 0.88
2.62 0.88
2.64 0.88
2.66 0.88
2.68 0.88
2.7 0.88
2.72 0.88
2.74 0.88
2.76 0.88
2.78 0.88
2.8 0.88
2.82 0.88
2.84 0.88
2.86 0.88
2.88 0.88
2.9 0.88
2.92 0.88
2.94 0.88
2.96 0.88
2.98 0.88
3 0.88
3.02 0.88
3.04 0.88
-0.04 0.9
-0.02 0.9
0 0.9
0.02 0.9
0.04 0.9
0.06 0.9
0.08 0.9
0.1 0.9
0.12 0.9
0.14 0.9
0.16 0.9
0.18 0.9
0.2 0.9
0.22 0.9
0.24 0.9
0.26 0.9
0.28 0.9
0.3 0.9
0.32 0.9
0.34 0.9
0.36 0.9
0.38 0.9
0.4 0.9
0.42 0.9
0.44 0.9
0.46 0.9
0.48 0.9
0.5 0.9
0.52 0.9
0.54 0.9
0.56 0.9
0.58 0.9
0.6 0.9
0.62 0.9
0.64 0.9
0.66 0.9
0.68 0.9
0.7 0.9
0.72 0.9
0.74 0.9
0.76 0.9
0.78 0.9
0.8 0.9
0.82 0.9
0.84 0.9
0.86 0.9
0.88 0.9
0.9 0.9
0.92 0.9
0.94 0.9
0.96 0.9
0.98 0.9
1 0.9
1.02 0.900814
1.04 0.901589
1.06 0.902327
1.08 0.903028
1.1 0.903693
1.12 0.904322
1.14 0.904916
1.16 0.905475
1.18 0.906
1.2 0.906491
1.22 0.906949
1.24 0.907373
1.26 0.907765
1.28 0.908125
1.3 0.908452
1.32 0.908748
1.34 0.909012
1.36 0.909244
1.38 0.909445
1.4 0.909615
1.42 0.909754
1.44 0.909861
1.46 0.909938
1.48 0.909985
1.5 0.91
1.52 0.909985
1.54 0.909938
1.56 0.909861
1.58 0.909754
1.6 0.909615
1.62 0.909445
1.64 0.909244
1.66 0.909012
1.68 0.908748
1.7 0.908452
1.72 0.908125
1.74 0.907765
1.76 0.907373
1.78 0.906949
1.8 0.906491
1.82 0.906
1.84 0.905475
1.86 0.904916
1.88 0.904322
1.9 0.903693
1.92 0.903028
1.94 0.902327
1.96 0.901589
1.98 0.900814
2 0.9
2.02 0.9
2.04 0.9
2.06 0.9
2.08 0.9
2.1 0.9
2.12 0.9
2.14 0.9
2.16 0.9
2.18 0.9
2.2 0.9
2.22 0.9
2.24 0.9
2.26 0.9
2.28 0.9
2.3 0.9
2.32 0.9
2.34 0.9
2.36 0.9
2.38 0.9
2.4 0.9
2.42 0.9
2.44 0.9
2.46 0.9
2.48 0.9
2.5 0.9
2.52 0.9
2.54 0.9
2.56 0.9
2.58 0.9
2.6 0.9
2.62 0.9
2.64 0.9
2.66 0.9
2.68 0.9
2.7 0.9
2.72 0.9
2.74 0.9
2.76 0.9
2.78 0.9
2.8 0.9
2.82 0.9
2.84 0.9
2.86 0.9
2.88 0.9
2.9 0.9
2.92 0.9
2.94 0.9
2.96 0.9
2.98 0.9
3 0.9
3.02 0.9
3.04 0.9
-0.04 0.92
-0.02 0.92
0 0.92
0.02 0.92
0.04 0.92
0.06 0.92
0.08 0.92
0.1 0.92
0.12 0.92
0.14 0.92
0.16 0.92
0.18 0.92
0.2 0.92
0.22 0.92
0.24 0.92
0.26 0.92
0.28 0.92
0.3 0.92
0.32 0.92
0.34 0.92
0.36 0.92
0.38 0.92
0.4 0.92
0.42 0.92
0.44 0.92
0.46 0.92
0.48 0.92
0.5 0.92
0.52 0.92
0.54 0.92
0.56 0.92
0.58 0.92
0.6 0.92
0.62 0.92
0.64 0.92
0.66 0.92
0.68 0.92
0.7 0.92
0.72 0.92
0.74 0.92
0.76 0.92
0.78 0.92
0.8 0.92
0.82 0.92
0.84 0.92
0.86 0.92
0.88 0.92
0.9 0.92
0.92 0.92
0.94 0.92
0.96 0.92
0.98 0.92
1 0.92
1.02 0.920651
1.04 0.921272
1.06 0.921862
1.08 0.922423
1.1 0.922955
1.12 0.923458
1.14 0.923933
1.16 0.92438
1.18 0.9248
1.2 0.925193
1.22 0.925559
1.24 0.925899
1.26 0.926212
1.28 0.9265
1.3 0.926762
1.32 0.926998
1.34 0.927209
1.36 0.927395
1.38 0.927556
1.4 0.927692
1.42 0.927803
1.44 0.927889
1.46 0.927951
1.48 0.927988
1.5 0.928
1.52 0.927988
1.54 0.927951
1.56 0.927889
1.58 0.927803
1.6 0.927692
1.62 0.927556
1.64 0.927395
1.66 0.927209
1.68 0.926998
1.7 0.926762
1.72 0.9265
1.74 0.926212
1.76 0.925899
1.78 0.925559
1.8 0.925193
1.82 0.9248
1.84 0.92438
1.86 0.923933
1.88 0.923458
1.9 0.922955
1.92 0.922423
1.94 0.921862
1.96 0.921272
1.98 0.920651
2 0.92
2.02 0.92
2.04 0.92
2.06 0.92
2.08 0.92
2.1 0.92
2.12 0.92
2.14 0.92
2.16 0.92
2.18 0.92
2.2 0.92
2.22 0.92
2.24 0.92
2.26 0.92
2.28 0.92
2.3 0.92
2.32 0.92
2.34 0.92
2.36 0.92
2.38 0.92
2.4 0.92
2.42 0.92
2.44 0.92
2.46 0.92
2.48 0.92
2.5 0.92
2.52 0.92
2.54 0.92
2.56 0.92
2.58 0.92
2.6 0.92
2.62 0.92
2.64 0.92
2.66 0.92
2.68 0.92
2.7 0.92
2.72 0.92
2.74 0.92
2.76 0.92
2.78 0.92
2.8 0.92
2.82 0.92
2.84 0.92
2.86 0.92
2.88 0.92
2.9 0.92
2.92 0.92
2.94 0.92
2.96 0.92
2.98 0.92
3 0.92
3.02 0.92
3.04 0.92
-0.04 0.94
-0.02 0.94
0 0.94
0.02 0.94
0.04 0.94
0.06 0.94
0.08 0.94
0.1 0.94
0.12 0.94
0.14 0.94
0.16 0.94
0.18 0.94
0.2 0.94
0.22 0.94
0.24 0.94
0.26 0.94
0.28 0.94
0.3 0.94
0.32 0.94
0.34 0.94
0.36 0.94
0.38 0.94
0.4 0.94
0.42 0.94
0.44 0.94
0.46 0.94
0.48 0.94
0.5 0.94
0.52 0.94
0.54 0.94
0.56 0.94
0.58 0.94
0.6 0.94
0.62 0.94
0.64 0.94
0.66 0.94
0.68 0.94
0.7 0.94
0.72 0.94
0.74 0.94
0.76 0.94
0.78 0.94
0.8 0.94
0.82 0.94
0.84 0.94
0.86 0.94
0.88 0.94
0.9 0.94
0.92 0.94
0.94 0.94
0.96 0.94
0.98 0.94
1 0.94
1.02 0.940488
1.04 0.940954
1.06 0.941396
1.08 0.941817
1.1 0.942216
1.12 0.942593
1.14 0.94295
1.16 0.943285
1.18 0.9436
1.2 0.943895
1.22 0.944169
1.24 0.944424
1.26 0.944659
1.28 0.944875
1.3 0.945071
1.32 0.945249
1.34 0.945407
1.36 0.945546
1.38 0.945667
1.4 0.945769
1.42 0.945852
1.44 0.945917
1.46 0.945963
1.48 0.945991
1.5 0.946
1.52 0.945991
1.54 0.945963
1.56 0.945917
1.58 0.945852
1.6 0.945769
1.62 0.945667
1.64 0.945546
1.66 0.945407
1.68 0.945249
1.7 0.945071
1.72 0.944875
1.74 0.944659
1.76 0.944424
1.78 0.944169
1.8 0.943895
1.82 0.9436
1.84 0.943285
1.86 0.94295
1.88 0.942593
1.9 0.942216
1.92 0.941817
1.94 0.941396
1.96 0.940954
1.98 0.940488
2 0.94
2.02 0.94
2.04 0.94
2.06 0.94
2.08 0.94
2.1 0.94
2.12 0.94
2.14 0.94
2.16 0.94
2.18 0.94
2.2 0.94
2.22 0.94
2.24 0.94
2.26 0.94
2.28 0.94
2.3 0.94
2.32 0.94
2.34 0.94
2.36 0.94
2.38 0.94
2.4 0.94
2.42 0.94
2.44 0.94
2.46 0.94
2.48 0.94
2.5 0.94
2.52 0.94
2.54 0.94
2.56 0.94
2.58 0.94
2.6 0.94
2.62 0.94
2.64 0.94
2.66 0.94
2.68 0.94
2.7 0.94
2.72 0.94
2.74 0.94
2.76 0.94
2.78 0.94
2.8 0.94
2.82 0.94
2.84 0.94
2.86 0.94
2.88 0.94
2.9 0.94
2.92 0.94
2.94 0.94
2.96 0.94
2.98 0.94
3 0.94
3.02 0.94
3.04 0.94
-0.04 0.96
-0.02 0.96
0 0.96
0.02 0.96
0.04 0.96
0.06 0.96
0.08 0.96
0.1 0.96
0.12 0.96
0.14 0.96
0.16 0.96
0.18 0.96
0.2 0.96
0.22 0.96
0.24 0.96
0.26 0.96
0.28 0.96
0.3 0.96
0.32 0.96
0.34 0.96
0.36 0.96
0.38 0.96
0.4 0.96
0.42 0.96
0.44 0.96
0.46 0.96
0.48 0.96
0.5 0.96
0.52 0.96
0.54 0.96
0.56 0.96
0.58 0.96
0.6 0.96
0.62 0.96
0.64 0.96
0.66 0.96
0.68 0.96
0.7 0.96
0.72 0.96
0.74 0.96
0.76 0.96
0.78 0.96
0.8 0.96
0.82 0.96
0.84 0.96
0.86 0.96
0.88 0.96
0.9 0.96
0.92 0.96
0.94 0.96
0.96 0.96
0.98 0.96
1 0.96
1.02 0.960326
1.04 0.960636
1.06 0.960931
1.08 0.961211
1.1 0.961477
1.12 0.961729
1.14 0.961966
1.16 0.96219
1.18 0.9624
1.2 0.962596
1.22 0.96278
1.24 0.962949
1.26 0.963106
1.28 0.96325
1.3 0.963381
1.32 0.963499
1.34 0.963605
1.36 0.963698
1.38 0.963778
1.4 0.963846
1.42 0.963901
1.44 0.963945
1.46 0.963975
1.48 0.963994
1.5 0.964
1.52 0.963994
1.54 0.963975
1.56 0.963945
1.58 0.963901
1.6 0.963846
1.62 0.963778
1.64 0.963698
1.66 0.963605
1.68 0.963499
1.7 0.963381
1.72 0.96325
1.74 0.963106
1.76 0.962949
1.78 0.96278
1.8 0.962596
1.82 0.9624
1.84 0.96219
1.86 0.961966
1.88 0.961729
1.9 0.961477
1.92 0.961211
1.94 0.960931
1.96 0.960636
1.98 0.960326
2 0.96
2.02 0.96
2.04 0.96
2.06 0.96
2.08 0.96
2.1 0.96
2.12 0.96
2.14 0.96
2.16 0.96
2.18 0.96
2.2 0.96
2.22 0.96
2.24 0.96
2.26 0.96
2.28 0.96
2.3 0.96
2.32 0.96
2.34 0.96
2.36 0.96
2.38 0.96
2.4 0.96
2.42 0.96
2.44 0.96
2.46 0.96
2.48 0.96
2.5 0.96
2.52 0.96
2.54 0.96
2.56 0.96
2.58 0.96
2.6 0.96
2.62 0.96
2.64 0.96
2.66 0.96
2.68 0.96
2.7 0.96
2.72 0.96
2.74 0.96
2.76 0.96
2.78 0.96
2.8 0.96
2.82 0.96
2.84 0.96
2.86 0.96
2.88 0.96
2.9 0.96
2.92 0.96
2.94 0.96
2.96 0.96
2.98 0.96
3 0.96
3.02 0.96
3.04 0.96
-0.04 0.98
-0.02 0.98
0 0.98
0.02 0.98
0.04 0.98
0.06 0.98
0.08 0.98
0.1 0.98
0.12 0.98
0.14 0.98
0.16 0.98
0.18 0.98
0.2 0.98
0.22 0.98
0.24 0.98
0.26 0.98
0.28 0.98
0.3 0.98
0.32 0.98
0.34 0.98
0.36 0.98
0.38 0.98
0.4 0.98
0.42 0.98
0.44 0.98
0.46 0.98
0.48 0.98
0.5 0.98
0.52 0.98
0.54 0.98
0.56 0.98
0.58 0.98
0.6 0.98
0.62 0.98
0.64 0.98
0.66 0.98
0.68 0.98
0.7 0.98
0.72 0.98
0.74 0.98
0.76 0.98
0.78 0.98
0.8 0.98
0.82 0.98
0.84 0.98
0.86 0.98
0.88 0.98
0.9 0.98
0.92 0.98
0.94 0.98
0.96 0.98
0.98 0.98
1 0.98
1.02 0.980163
1.04 0.980318
1.06 0.980465
1.08 0.980606
1.1 0.980739
1.12 0.980864
1.14 0.980983
1.16 0.981095
1.18 0.9812
1.2 0.981298
1.22 0.98139
1.24 0.981475
1.26 0.981553
1.28 0.981625
1.3 0.98169
1.32 0.98175
1.34 0.981802
1.36 0.981849
1.38 0.981889
1.4 0.981923
1.42 0.981951
1.44 0.981972
1.46 0.981988
1.48 0.981997
1.5 0.982
1.52 0.981997
1.54 0.981988
1.56 0.981972
1.58 0.981951
1.6 0.981923
1.62 0.981889
1.64 0.981849
1.66 0.981802
1.68 0.98175
1.7 0.98169
1.72 0.981625
1.74 0.981553
1.76 0.981475
1.78 0.98139
1.8 0.981298
1.82 0.9812
1.84 0.981095
1.86 0.980983
1.88 0.980864
1.9 0.980739
1.92 0.980606
1.94 0.980465
1.96 0.980318
1.98 0.980163
2 0.98
2.02 0.98
2.04 0.98
2.06 0.98
2.08 0.98
2.1 0.98
2.12 0.98
2.14 0.98
2.16 0.98
2.18 0.98
2.2 0.98
2.22 0.98
2.24 0.98
2.26 0.98
2.28 0.98
2.3 0.98
2.32 0.98
2.34 0.98
2.36 0.98
2.38 0.98
2.4 0.98
2.42 0.98
2.44 0.98
2.46 0.98
2.48 0.98
2.5 0.98
2.52 0.98
2.54 0.98
2.56 0.98
2.58 0.98
2.6 0.98
2.62 0.98
2.64 0.98
2.66 0.98
2.68 0.98
2.7 0.98
2.72 0.98
2.74 0.98
2.76 0.98
2.78 0.98
2.8 0.98
2.82 0.98
2.84 0.98
2.86 0.98
2.88 0.98
2.9 0.98
2.92 0.98
2.94 0.98
2.96 0.98
2.98 0.98
3 0.98
3.02 0.98
3.04 0.98
-0.04 1
-0.02 1
0 1
0.02 1
0.04 1
0.06 1
0.08 1
0.1 1
0.12 1
0.14 1
0.16 1
0.18 1
0.2 1
0.22 1
0.24 1
0.26 1
0.28 1
0.3 1
0.32 1
0.34 1
0.36 1
0.38 1
0.4 1
0.42 1
0.44 1
0.46 1
0.48 1
0.5 1
0.52 1
0.54 1
0.56 1
0.58 1
0.6 1
0.62 1
0.64 1
0.66 1
0.68 1
0.7 1
0.72 1
0.74 1
0.76 1
0.78 1
0.8 1
0.82 1
0.84 1
0.86 1
0.88 1
0.9 1
0.92 1
0.94 1
0.96 1
0.98 1
1 1
1.02 1
1.04 1
1.06 1
1.08 1
1.1 1
1.12 1
1.14 1
1.16 1
1.18 1
1.2 1
1.22 1
1.24 1
1.26 1
1.28 1
1.3 1
1.32 1
1.34 1
1.36 1
1.38 1
1.4 1
1.42 1
1.44 1
1.46 1
1.48 1
1.5 1
1.52 1
1.54 1
1.56 1
1.58 1
1.6 1
1.62 1
1.64 1
1.66 1
1.68 1
1.7 1
1.72 1
1.74 1
1.76 1
1.78 1
1.8 1
1.82 1
1.84 1
1.86 1
1.88 1
1.9 1
1.92 1
1.94 1
1.96 1
1.98 1
2 1
2.02 1
2.04 1
2.06 1
2.08 1
2.1 1
2.12 1
2.14 1
2.16 1
2.18 1
2.2 1
2.22 1
2.24 1
2.26 1
2.28 1
2.3 1
2.32 1
2.34 1
2.36 1
2.38 1
2.4 1
2.42 1
2.44 1
2.46 1
2.48 1
2.5 1
2.52 1
2.54 1
2.56 1
2.58 1
2.6 1
2.62 1
2.64 1
2.66 1
2.68 1
2.7 1
2.72 1
2.74 1
2.76 1
2.78 1
2.8 1
2.82 1
2.84 1
2.86 1
2.88 1
2.9 1
2.92 1
2.94 1
2.96 1
2.98 1
3 1
3.02 1
3.04 1
-0.04 1.02
-0.02 1.02
0 1.02
0.02 1.02
0.04 1.02
0.06 1.02
0.08 1.02
0.1 1.02
0.12 1.02
0.14 1.02
0.16 1.02
0.18 1.02
0.2 1.02
0.22 1.02
0.24 1.02
0.26 1.02
0.28 1.02
0.3 1.02
0.32 1.02
0.34 1.02
0.36 1.02
0.38 1.02
0.4 1.02
0.42 1.02
0.44 1.02
0.46 1.02
0.48 1.02
0.5 1.02
0.52 1.02
0.54 1.02
0.56 1.02
0.58 1.02
0.6 1.02
0.62 1.02
0.64 1.02
0.66 1.02
0.68 1.02
0.7 1.02
0.72 1.02
0.74 1.02
0.76 1.02
0.78 1.02
0.8 1.02
0.82 1.02
0.84 1.02
0.86 1.02
0.88 1.02
0.9 1.02
0.92 1.02
0.94 1.02
0.96 1.02
0.98 1.02
1 1.02
1.02 1.01984
1.04 1.01968
1.06 1.01953
1.08 1.01939
1.1 1.01926
1.12 1.01914
1.14 1.01902
1.16 1.0189
1.18 1.0188
1.2 1.0187
1.22 1.01861
1.24 1.01853
1.26 1.01845
1.28 1.01838
1.3 1.01831
1.32 1.01825
1.34 1.0182
1.36 1.01815
1.38 1.01811
1.4 1.01808
1.42 1.01805
1.44 1.01803
1.46 1.01801
1.48 1.018
1.5 1.018
1.52 1.018
1.54 1.01801
1.56 1.01803
1.58 1.01805
1.6 1.01808
1.62 1.01811
1.64 1.01815
1.66 1.0182
1.68 1.01825
1.7 1.01831
1.72 1.01838
1.74 1.01845
1.76 1.01853
1.78 1.01861
1.8 1.0187
1.82 1.0188
1.84 1.0189
1.86 1.01902
1.88 1.01914
1.9 1.01926
1.92 1.01939
1.94 1.01953
1.96 1.01968
1.98 1.01984
2 1.02
2.02 1.02
2.04 1.02
2.06 1.02
2.08 1.02
2.1 1.02
2.12 1.02
2.14 1.02
2.16 1.02
2.18 1.02
2.2 1.02
2.22 1.02
2.24 1.02
2.26 1.02
2.28 1.02
2.3 1.02
2.32 1.02
2.34 1.02
2.36 1.02
2.38 1.02
2.4 1.02
2.42 1.02
2.44 1.02
2.46 1.02
2.48 1.02
2.5 1.02
2.52 1.02
2.54 1.02
2.56 1.02
2.58 1.02
2.6 1.02
2.62 1.02
2.64 1.02
2.66 1.02
2.68 1.02
2.7 1.02
2.72 1.02
2.74 1.02
2.76 1.02
2.78 1.02
2.8 1.02
2.82 1.02
2.84 1.02
2.86 1.02
2.88 1.02
2.9 1.02
2.92 1.02
2.94 1.02
2.96 1.02
2.98 1.02
3 1.02
3.02 1.02
3.04 1.02
-0.04 1.04
-0.02 1.04
0 1.04
0.02 1.04
0.04 1.04
0.06 1.04
0.08 1.04
0.1 1.04
0.12 1.04
0.14 1.04
0.16 1.04
0.18 1.04
0.2 1.04
0.22 1.04
0.24 1.04
0.26 1.04
0.28 1.04
0.3 1.04
0.32 1.04
0.34 1.04
0.36 1.04
0.38 1.04
0.4 1.04
0.42 1.04
0.44 1.04
0.46 1.04
0.48 1.04
0.5 1.04
0.52 1.04
0.54 1.04
0.56 1.04
0.58 1.04
0.6 1.04
0.62 1.04
0.64 1.04
0.66 1.04
0.68 1.04
0.7 1.04
0.72 1.04
0.74 1.04
0.76 1.04
0.78 1.04
0.8 1.04
0.82 1.04
0.84 1.04
0.86 1.04
0.88 1.04
0.9 1.04
0.92 1.04
0.94 1.04
0.96 1.04
0.98 1.04
1 1.04
1.02 1.03967
1.04 1.03936
1.06 1.03907
1.08 1.03879
1.1 1.03852
1.12 1.03827
1.14 1.03803
1.16 1.03781
1.18 1.0376
1.2 1.0374
1.22 1.03722
1.24 1.03705
1.26 1.03689
1.28 1.03675
1.3 1.03662
1.32 1.0365
1.34 1.0364
1.36 1.0363
1.38 1.03622
1.4 1.03615
1.42 1.0361
1.44 1.03606
1.46 1.03602
1.48 1.03601
1.5 1.036
1.52 1.03601
1.54 1.03602
1.56 1.03606
1.58 1.0361
1.6 1.03615
1.62 1.03622
1.64 1.0363
1.66 1.0364
1.68 1.0365
1.7 1.03662
1.72 1.03675
1.74 1.03689
1.76 1.03705
1.78 1.03722
1.8 1.0374
1.82 1.0376
1.84 1.03781
1.86 1.03803
1.88 1.03827
1.9 1.03852
1.92 1.03879
1.94 1.03907
1.96 1.03936
1.98 1.03967
2 1.04
2.02 1.04
2.04 1.04
2.06 1.04
2.08 1.04
2.1 1.04
2.12 1.04
2.14 1.04
2.16 1.04
2.18 1.04
2.2 1.04
2.22 1.04
2.24 1.04
2.26 1.04
2.28 1.04
2.3 1.04
2.32 1.04
2.34 1.04
2.36 1.04
2.38 1.04
2.4 1.04
2.42 1.04
2.44 1.04
2.46 1.04
2.48 1.04
2.5 1.04
2.52 1.04
2.54 1.04
2.56 1.04
2.58 1.04
2.6 1.04
2.62 1.04
2.64 1.04
2.66 1.04
2.68 1.04
2.7 1.04
2.72 1.04
2.74 1.04
2.76 1.04
2.78 1.04
2.8 1.04
2.82 1.04
2.84 1.04
2.86 1.04
2.88 1.04
2.9 1.04
2.92 1.04
2.94 1.04
2.96 1.04
2.98 1.04
3 1.04
3.02 1.04
3.04 1.04
